---experiment_4, ot---
	Total simulation duration: 52826.0
	Total insert events: 1000
	Total delete events: 100
	Total packets: 2002
	Total size of packets sent: 48701
	Average packet payload size: 24.3261738262
	Total size of packets sent, if there were no meta-information: 0
	Average packet payload size without meta-information: 0.0
	Expected number of packets sent - give optimal client-server network with everyone joining at start: 2202
	Latency/wait time per client when requesting CRDT: [9.0, 0]
	From whom each client request CRDT: [-1, -1]
	Length of stringified document/crdt during state replay, on average: 0
	latencies: {(0, -1): [4.0, 6.0, 3.0, 5.0, 2.0, 7.0, 11.0, 5.0, 3.0, 4.0, 6.0, 5.0, 6.0, 4.0, 4.0, 3.0, 7.0, 5.0, 3.0, 3.0, 3.0, 5.0, 6.0, 4.0, 5.0, 6.0, 3.0, 6.0, 5.0, 4.0, 4.0, 3.0, 3.0, 3.0, 5.0, 6.0, 4.0, 4.0, 8.0, 7.0, 5.0, 4.0, 6.0, 4.0, 3.0, 4.0, 3.0, 5.0, 4.0, 3.0, 3.0, 4.0, 3.0, 2.0, 6.0, 4.0, 2.0, 3.0, 6.0, 5.0, 4.0, 3.0, 3.0, 5.0, 3.0, 3.0, 3.0, 5.0, 4.0, 2.0, 4.0, 5.0, 10.0, 3.0, 3.0, 4.0, 6.0, 3.0, 3.0, 5.0, 3.0, 8.0, 5.0, 4.0, 6.0, 3.0, 3.0, 3.0, 6.0, 3.0, 5.0, 6.0, 5.0, 5.0, 3.0, 3.0, 3.0, 3.0, 3.0, 3.0, 4.0, 4.0, 4.0, 4.0, 5.0, 5.0, 3.0, 5.0, 5.0, 3.0, 3.0, 3.0, 3.0, 4.0, 4.0, 3.0, 5.0, 4.0, 3.0, 4.0, 3.0, 5.0, 3.0, 4.0, 6.0, 3.0, 10.0, 3.0, 3.0, 7.0, 3.0, 2.0, 4.0, 3.0, 3.0, 3.0, 3.0, 3.0, 2.0, 2.0, 5.0, 2.0, 3.0, 6.0, 3.0, 3.0, 3.0, 14.0, 2.0, 3.0, 3.0, 3.0, 3.0, 3.0, 3.0, 2.0, 4.0, 3.0, 3.0, 4.0, 5.0, 4.0, 3.0, 2.0, 3.0, 3.0, 5.0, 3.0, 4.0, 3.0, 3.0, 4.0, 3.0, 3.0, 4.0, 2.0, 3.0, 5.0, 3.0, 4.0, 4.0, 6.0, 3.0, 3.0, 3.0, 3.0, 3.0, 4.0, 3.0, 3.0, 2.0, 3.0, 2.0, 5.0, 3.0, 4.0, 3.0, 3.0, 3.0, 3.0, 3.0, 4.0, 4.0, 3.0, 3.0, 3.0, 3.0, 4.0, 3.0, 3.0, 4.0, 3.0, 2.0, 4.0, 3.0, 3.0, 2.0, 3.0, 3.0, 3.0, 3.0, 2.0, 2.0, 3.0, 3.0, 3.0, 4.0, 3.0, 3.0, 2.0, 3.0, 4.0, 3.0, 4.0, 3.0, 3.0, 3.0, 3.0, 3.0, 3.0, 3.0, 3.0, 3.0, 2.0, 3.0, 3.0, 3.0, 3.0, 3.0, 3.0, 3.0, 3.0, 3.0, 3.0, 3.0, 3.0, 5.0, 3.0, 3.0, 3.0, 13.0, 4.0, 3.0, 3.0, 3.0, 3.0, 3.0, 3.0, 3.0, 3.0, 3.0, 3.0, 3.0, 3.0, 3.0, 5.0, 3.0, 3.0, 3.0, 4.0, 3.0, 3.0, 2.0, 3.0, 3.0, 3.0, 3.0, 3.0, 3.0, 3.0, 3.0, 3.0, 3.0, 4.0, 5.0, 3.0, 2.0, 3.0, 3.0, 3.0, 3.0, 3.0, 3.0, 3.0, 4.0, 3.0, 2.0, 3.0, 3.0, 2.0, 5.0, 4.0, 3.0, 3.0, 3.0, 3.0, 5.0, 3.0, 3.0, 3.0, 2.0, 3.0, 3.0, 3.0, 3.0, 3.0, 3.0, 4.0, 3.0, 3.0, 3.0, 3.0, 3.0, 4.0, 3.0, 3.0, 3.0, 3.0, 3.0, 3.0, 3.0, 3.0, 2.0, 3.0, 3.0, 2.0, 3.0, 3.0, 2.0, 3.0, 2.0, 3.0, 3.0, 3.0, 3.0, 3.0, 3.0, 3.0, 3.0, 3.0, 4.0, 3.0, 2.0, 2.0, 3.0, 3.0, 2.0, 3.0, 4.0, 2.0, 3.0, 3.0, 3.0, 4.0, 3.0, 3.0, 3.0, 3.0, 3.0, 3.0, 3.0, 3.0, 5.0, 3.0, 3.0, 2.0, 4.0, 3.0, 3.0, 3.0, 4.0, 3.0, 3.0, 3.0, 3.0, 4.0, 3.0, 3.0, 3.0, 3.0, 3.0, 3.0, 3.0, 3.0, 3.0, 3.0, 3.0, 2.0, 3.0, 2.0, 5.0, 4.0, 5.0, 3.0, 3.0, 3.0, 3.0, 3.0, 2.0, 2.0, 4.0, 3.0, 2.0, 3.0, 3.0, 3.0, 3.0, 20.0, 3.0, 3.0, 3.0, 3.0, 3.0, 3.0, 2.0, 3.0, 3.0, 3.0, 3.0, 3.0, 3.0, 2.0, 2.0, 3.0, 2.0, 4.0, 2.0, 3.0, 3.0, 3.0, 2.0, 3.0, 3.0, 3.0, 3.0, 3.0, 4.0, 2.0, 2.0, 3.0, 3.0, 3.0, 3.0, 6.0, 4.0, 4.0, 3.0, 3.0, 3.0, 3.0, 4.0, 3.0, 2.0, 3.0, 3.0, 4.0, 3.0, 3.0, 3.0, 3.0, 3.0, 3.0, 2.0, 3.0, 2.0, 2.0, 2.0, 3.0, 2.0, 3.0, 3.0, 3.0, 2.0, 3.0, 2.0, 3.0, 3.0, 3.0, 5.0, 3.0, 3.0, 2.0, 2.0, 3.0, 3.0, 3.0, 3.0, 3.0, 4.0, 2.0, 3.0, 3.0, 3.0, 3.0, 3.0, 2.0, 3.0, 3.0, 3.0, 3.0, 3.0, 3.0, 3.0, 3.0, 3.0, 3.0, 3.0, 3.0, 4.0, 3.0, 4.0, 3.0, 3.0, 3.0, 3.0, 3.0, 3.0, 4.0, 3.0, 3.0, 3.0, 22.0, 2.0, 4.0, 2.0, 3.0, 4.0, 3.0, 2.0, 3.0, 3.0, 3.0, 3.0, 3.0, 3.0, 3.0, 3.0, 3.0, 2.0, 3.0, 3.0, 2.0, 3.0, 2.0, 2.0, 3.0, 3.0, 3.0, 3.0, 2.0, 3.0, 2.0, 3.0, 3.0, 2.0, 3.0, 3.0, 3.0, 2.0, 3.0, 3.0, 3.0, 2.0, 3.0, 24.0, 4.0, 3.0, 4.0, 4.0, 4.0, 3.0, 3.0, 3.0, 3.0, 2.0, 3.0, 3.0, 3.0, 3.0, 4.0, 3.0, 3.0, 3.0, 4.0, 2.0, 3.0, 4.0, 4.0, 2.0, 3.0, 2.0, 2.0, 3.0, 3.0, 3.0, 3.0, 2.0, 3.0, 2.0, 2.0, 2.0, 3.0, 3.0, 3.0, 3.0, 3.0, 3.0, 3.0, 3.0, 3.0, 3.0, 3.0, 3.0, 28.0, 3.0, 3.0, 3.0, 4.0, 2.0, 2.0, 3.0, 3.0, 2.0, 3.0, 2.0, 3.0, 3.0, 3.0, 3.0, 3.0, 3.0, 3.0, 3.0, 3.0, 6.0, 3.0, 3.0, 3.0, 3.0, 2.0, 3.0, 2.0, 3.0, 3.0, 3.0, 3.0, 3.0, 3.0, 3.0, 2.0, 3.0, 3.0, 28.0, 3.0, 3.0, 3.0, 3.0, 3.0, 4.0, 3.0, 3.0, 2.0, 3.0, 3.0, 4.0, 3.0, 3.0, 3.0, 3.0, 3.0, 2.0, 3.0, 2.0, 3.0, 3.0, 3.0, 4.0, 26.0, 3.0, 3.0, 3.0, 3.0, 6.0, 3.0, 2.0, 2.0, 2.0, 2.0, 2.0, 2.0, 3.0, 3.0, 3.0, 2.0, 3.0, 3.0, 3.0, 3.0, 3.0, 3.0, 3.0, 3.0, 2.0, 2.0, 3.0, 3.0, 3.0, 3.0, 3.0, 2.0, 3.0, 3.0, 3.0, 3.0, 3.0, 3.0, 3.0, 3.0, 3.0, 3.0, 2.0, 3.0, 2.0, 2.0, 3.0, 3.0, 3.0, 4.0, 3.0, 3.0, 3.0, 3.0, 3.0, 3.0, 3.0, 3.0, 3.0, 3.0, 2.0, 3.0, 2.0, 2.0, 3.0, 3.0, 3.0, 3.0, 3.0, 3.0, 3.0, 3.0, 3.0, 3.0, 3.0, 3.0, 2.0, 3.0, 3.0, 3.0, 3.0, 2.0, 3.0, 3.0, 2.0, 3.0, 30.0, 3.0, 3.0, 3.0, 3.0, 2.0, 3.0, 3.0, 3.0, 3.0, 2.0, 4.0, 3.0, 3.0, 3.0, 3.0, 3.0, 3.0, 3.0, 3.0, 2.0, 4.0, 2.0, 32.0, 3.0, 2.0, 3.0, 3.0, 3.0, 3.0, 3.0, 3.0, 3.0, 2.0, 31.0, 2.0, 3.0, 3.0, 2.0, 2.0, 3.0, 3.0, 3.0, 3.0, 3.0, 3.0, 3.0, 3.0, 3.0, 3.0, 2.0, 2.0, 2.0, 3.0, 3.0, 3.0, 3.0, 2.0, 3.0, 3.0, 3.0, 3.0, 2.0, 3.0, 4.0, 3.0, 2.0, 3.0, 2.0, 3.0, 3.0, 3.0, 2.0, 3.0, 3.0, 3.0, 3.0, 3.0, 3.0, 3.0, 4.0, 44.0, 3.0, 3.0, 3.0, 3.0, 4.0, 2.0, 2.0, 3.0, 3.0, 5.0, 2.0, 3.0, 3.0, 2.0, 4.0, 2.0, 3.0, 2.0, 3.0, 3.0, 2.0, 3.0, 3.0, 4.0, 4.0, 3.0, 3.0, 3.0, 4.0, 4.0, 2.0, 3.0, 3.0, 2.0, 3.0, 3.0, 2.0, 3.0, 2.0, 2.0, 2.0, 3.0, 2.0, 3.0, 3.0, 2.0, 4.0, 3.0, 2.0, 4.0, 2.0, 3.0, 3.0, 3.0, 3.0, 15.0, 2.0, 3.0, 2.0, 2.0, 3.0, 3.0, 3.0, 2.0, 3.0, 3.0, 3.0, 6.0, 3.0, 2.0, 4.0, 5.0, 3.0, 3.0, 7.0, 4.0, 3.0, 3.0, 4.0, 3.0, 3.0, 2.0, 4.0, 3.0, 2.0, 2.0, 4.0, 4.0, 2.0, 3.0, 3.0, 2.0, 3.0, 2.0, 5.0, 2.0, 3.0, 7.0, 4.0, 3.0, 3.0, 5.0, 2.0, 5.0, 4.0, 4.0, 2.0, 2.0, 3.0, 4.0, 3.0, 2.0, 3.0, 4.0, 2.0, 4.0, 2.0, 3.0, 6.0, 3.0, 4.0, 3.0, 2.0, 2.0, 3.0, 4.0, 4.0, 2.0, 2.0, 3.0, 3.0, 2.0, 3.0, 2.0], (-1, 0): [43.0, 40.0, 44.0, 43.0, 45.0, 40.0, 38.0, 43.0, 44.0, 44.0, 43.0, 42.0, 38.0, 41.0, 39.0, 43.0, 40.0, 39.0, 41.0, 40.0, 44.0, 38.0, 38.0, 43.0, 41.0, 38.0, 45.0, 41.0, 38.0, 42.0, 43.0, 44.0, 40.0, 44.0, 39.0, 40.0, 45.0, 40.0, 40.0, 39.0, 41.0, 39.0, 40.0, 44.0, 46.0, 38.0, 44.0, 38.0, 42.0, 45.0, 44.0, 39.0, 40.0, 41.0, 38.0, 37.0, 44.0, 45.0, 35.0, 38.0, 42.0, 39.0, 43.0, 40.0, 38.0, 40.0, 44.0, 37.0, 42.0, 40.0, 38.0, 36.0, 39.0, 45.0, 42.0, 36.0, 36.0, 40.0, 41.0, 38.0, 44.0, 36.0, 39.0, 35.0, 40.0, 39.0, 40.0, 44.0, 34.0, 38.0, 34.0, 38.0, 38.0, 43.0, 40.0, 42.0, 44.0, 38.0, 40.0, 43.0, 40.0, 36.0, 41.0, 39.0, 36.0, 39.0, 39.0, 31.0, 36.0, 43.0, 37.0, 44.0, 41.0, 34.0, 38.0, 40.0, 42.0, 36.0, 44.0, 36.0, 42.0, 41.0, 34.0, 41.0, 37.0, 43.0, 33.0, 35.0, 41.0, 35.0, 35.0, 41.0, 41.0, 40.0, 41.0, 37.0, 37.0, 43.0, 40.0, 42.0, 40.0, 41.0, 37.0, 36.0, 35.0, 37.0, 40.0, 35.0, 42.0, 42.0, 36.0, 43.0, 34.0, 37.0, 38.0, 39.0, 34.0, 34.0, 43.0, 33.0, 35.0, 33.0, 36.0, 36.0, 36.0, 32.0, 34.0, 39.0, 35.0, 32.0, 34.0, 35.0, 39.0, 32.0, 34.0, 35.0, 39.0, 34.0, 36.0, 34.0, 34.0, 35.0, 41.0, 41.0, 36.0, 39.0, 32.0, 32.0, 36.0, 39.0, 40.0, 32.0, 33.0, 35.0, 38.0, 38.0, 33.0, 41.0, 37.0, 39.0, 32.0, 39.0, 37.0, 38.0, 33.0, 33.0, 35.0, 40.0, 39.0, 32.0, 33.0, 38.0, 38.0, 33.0, 34.0, 36.0, 38.0, 32.0, 32.0, 35.0, 37.0, 29.0, 40.0, 34.0, 39.0, 38.0, 35.0, 36.0, 35.0, 37.0, 32.0, 34.0, 33.0, 35.0, 37.0, 33.0, 33.0, 40.0, 37.0, 31.0, 35.0, 37.0, 35.0, 30.0, 31.0, 35.0, 40.0, 37.0, 30.0, 35.0, 40.0, 36.0, 38.0, 40.0, 34.0, 35.0, 37.0, 31.0, 33.0, 40.0, 35.0, 38.0, 33.0, 36.0, 35.0, 32.0, 30.0, 34.0, 35.0, 28.0, 27.0, 39.0, 39.0, 39.0, 29.0, 34.0, 33.0, 31.0, 36.0, 37.0, 38.0, 31.0, 38.0, 36.0, 38.0, 33.0, 39.0, 39.0, 32.0, 31.0, 37.0, 35.0, 27.0, 29.0, 36.0, 34.0, 39.0, 29.0, 36.0, 35.0, 35.0, 30.0, 30.0, 35.0, 33.0, 38.0, 37.0, 31.0, 31.0, 35.0, 36.0, 33.0, 33.0, 34.0, 32.0, 30.0, 36.0, 35.0, 35.0, 29.0, 35.0, 30.0, 34.0, 30.0, 29.0, 31.0, 37.0, 36.0, 32.0, 31.0, 32.0, 38.0, 28.0, 29.0, 31.0, 37.0, 35.0, 28.0, 38.0, 32.0, 28.0, 29.0, 37.0, 30.0, 37.0, 36.0, 27.0, 46.0, 35.0, 32.0, 32.0, 27.0, 32.0, 35.0, 34.0, 36.0, 29.0, 37.0, 33.0, 28.0, 36.0, 32.0, 34.0, 33.0, 37.0, 36.0, 31.0, 32.0, 33.0, 34.0, 33.0, 33.0, 46.0, 33.0, 28.0, 30.0, 36.0, 36.0, 28.0, 36.0, 30.0, 32.0, 34.0, 37.0, 29.0, 36.0, 33.0, 26.0, 28.0, 30.0, 34.0, 34.0, 28.0, 30.0, 33.0, 33.0, 27.0, 30.0, 30.0, 35.0, 32.0, 27.0, 29.0, 30.0, 35.0, 34.0, 30.0, 32.0, 32.0, 32.0, 33.0, 33.0, 33.0, 35.0, 36.0, 27.0, 28.0, 25.0, 31.0, 28.0, 34.0, 30.0, 31.0, 34.0, 26.0, 36.0, 30.0, 28.0, 35.0, 29.0, 34.0, 25.0, 36.0, 28.0, 30.0, 26.0, 33.0, 34.0, 35.0, 35.0, 27.0, 31.0, 28.0, 28.0, 23.0, 33.0, 27.0, 28.0, 32.0, 24.0, 26.0, 34.0, 34.0, 32.0, 26.0, 28.0, 29.0, 31.0, 29.0, 24.0, 29.0, 22.0, 31.0, 25.0, 31.0, 25.0, 26.0, 30.0, 25.0, 33.0, 29.0, 31.0, 33.0, 34.0, 28.0, 22.0, 35.0, 25.0, 34.0, 29.0, 23.0, 35.0, 26.0, 30.0, 30.0, 26.0, 26.0, 29.0, 32.0, 33.0, 30.0, 30.0, 30.0, 32.0, 26.0, 29.0, 30.0, 31.0, 45.0, 28.0, 34.0, 25.0, 26.0, 29.0, 31.0, 24.0, 28.0, 29.0, 28.0, 23.0, 27.0, 28.0, 33.0, 23.0, 33.0, 27.0, 28.0, 30.0, 25.0, 27.0, 28.0, 33.0, 33.0, 30.0, 32.0, 33.0, 24.0, 27.0, 32.0, 28.0, 25.0, 33.0, 30.0, 26.0, 28.0, 33.0, 23.0, 32.0, 29.0, 31.0, 31.0, 26.0, 29.0, 31.0, 24.0, 27.0, 31.0, 30.0, 22.0, 26.0, 28.0, 32.0, 24.0, 25.0, 23.0, 30.0, 23.0, 24.0, 26.0, 29.0, 21.0, 26.0, 31.0, 31.0, 21.0, 23.0, 31.0, 28.0, 24.0, 22.0, 4.0, 4.0, 4.0, 2.0, 4.0, 5.0, 7.0, 4.0, 6.0, 7.0, 5.0, 11.0, 13.0, 6.0, 8.0, 7.0, 3.0, 3.0, 6.0, 11.0, 10.0, 15.0, 7.0, 7.0, 15.0, 12.0, 5.0, 6.0, 14.0, 13.0, 11.0, 14.0, 9.0, 14.0, 9.0, 6.0, 5.0, 6.0, 8.0, 13.0, 4.0, 6.0, 13.0, 8.0, 13.0, 12.0, 12.0, 4.0, 11.0, 12.0, 13.0, 5.0, 12.0, 9.0, 3.0, 2.0, 6.0, 2.0, 3.0, 13.0, 8.0, 13.0, 3.0, 6.0, 14.0, 14.0, 16.0, 11.0, 6.0, 15.0, 8.0, 15.0, 8.0, 6.0, 15.0, 9.0, 12.0, 11.0, 6.0, 8.0, 6.0, 13.0, 13.0, 11.0, 8.0, 15.0, 5.0, 6.0, 9.0, 10.0, 12.0, 15.0, 12.0, 15.0, 10.0, 11.0, 9.0, 15.0, 9.0, 10.0, 7.0, 5.0, 8.0, 15.0, 15.0, 12.0, 15.0, 7.0, 10.0, 7.0, 9.0, 6.0, 10.0, 6.0, 3.0, 15.0, 14.0, 9.0, 10.0, 12.0, 15.0, 6.0, 12.0, 4.0, 14.0, 15.0, 11.0, 10.0, 12.0, 6.0, 6.0, 8.0, 3.0, 6.0, 6.0, 8.0, 4.0, 5.0, 5.0, 6.0, 9.0, 3.0, 3.0, 14.0, 14.0, 15.0, 3.0, 7.0, 7.0, 16.0, 11.0, 6.0, 5.0, 13.0, 9.0, 10.0, 10.0, 5.0, 7.0, 7.0, 11.0, 5.0, 14.0, 12.0, 7.0, 11.0, 2.0, 5.0, 13.0, 13.0, 10.0, 12.0, 7.0, 7.0, 9.0, 6.0, 6.0, 11.0, 8.0, 12.0, 3.0, 12.0, 12.0, 12.0, 3.0, 3.0, 4.0, 7.0, 8.0, 12.0, 3.0, 13.0, 7.0, 6.0, 9.0, 12.0, 11.0, 9.0, 9.0, 6.0, 4.0, 12.0, 9.0, 3.0, 3.0, 3.0, 3.0, 13.0, 10.0, 1.0, 14.0, 14.0, 4.0, 10.0, 7.0, 8.0, 13.0, 3.0, 3.0, 14.0, 3.0, 4.0, 8.0, 14.0, 13.0, 10.0, 10.0, 6.0, 6.0, 14.0, 10.0, 13.0, 6.0, 5.0, 14.0, 6.0, 11.0, 4.0, 9.0, 13.0, 12.0, 9.0, 13.0, 13.0, 12.0, 9.0, 3.0, 13.0, 5.0, 10.0, 2.0, 13.0, 7.0, 11.0, 14.0, 10.0, 6.0, 13.0, 11.0, 14.0, 14.0, 6.0, 6.0, 15.0, 4.0, 13.0, 14.0, 14.0, 5.0, 9.0, 13.0, 7.0, 14.0, 3.0, 16.0, 7.0, 15.0, 9.0, 5.0, 16.0, 5.0, 13.0, 15.0, 6.0, 7.0, 9.0, 12.0, 12.0, 15.0, 15.0, 3.0, 19.0, 4.0, 3.0, 7.0, 49.0, 47.0, 48.0, 48.0, 47.0, 47.0, 48.0, 47.0, 48.0, 47.0, 46.0, 48.0, 47.0, 48.0, 49.0, 45.0, 48.0, 48.0, 48.0, 47.0, 48.0, 49.0, 47.0, 47.0, 47.0, 46.0, 48.0, 47.0, 48.0, 45.0, 47.0, 48.0, 47.0, 48.0, 48.0, 48.0, 48.0, 48.0, 48.0, 48.0, 48.0, 48.0, 48.0, 47.0, 48.0, 47.0, 48.0, 48.0, 48.0, 48.0, 47.0, 48.0, 47.0, 48.0, 47.0, 47.0, 37.0, 47.0, 47.0, 48.0, 48.0, 53.0, 48.0, 47.0, 48.0, 48.0, 47.0, 48.0, 45.0, 48.0, 48.0, 46.0, 46.0, 47.0, 48.0, 42.0, 46.0, 48.0, 47.0, 46.0, 48.0, 48.0, 49.0, 45.0, 46.0, 48.0, 49.0, 46.0, 46.0, 48.0, 48.0, 48.0, 48.0, 48.0, 48.0, 45.0, 47.0, 47.0, 44.0, 46.0, 48.0, 48.0, 46.0, 48.0, 45.0, 47.0, 47.0, 48.0, 48.0, 47.0, 46.0, 48.0, 48.0, 48.0, 46.0, 49.0, 45.0, 48.0, 47.0, 44.0, 48.0, 46.0, 48.0, 48.0, 47.0, 48.0, 47.0, 47.0, 48.0, 48.0, 48.0, 47.0, 48.0, 48.0, 48.0]}
	pre-experiment: 0
	post-clients-create: -1568064
	post-clients-init: -557760
	post-experiment: 897872
	post-experiment: 992448
	post-experiment: -10888

