---experiment_0, ot---
	Total simulation duration: 102591.0
	Total insert events: 1000
	Total delete events: 0
	Total packets: 2002
	Total size of packets sent: 48103
	Average packet payload size: 24.0274725275
	Total size of packets sent, if there were no meta-information: 0
	Average packet payload size without meta-information: 0.0
	Expected number of packets sent - give optimal client-server network with everyone joining at start: 2002
	Latency/wait time per client when requesting CRDT: [15.0, 0]
	From whom each client request CRDT: [-1, -1]
	Length of stringified document/crdt during state replay, on average: 0
	latencies: {(0, -1): [4.0, 3.0, 4.0, 3.0, 3.0, 4.0, 9.0, 4.0, 5.0, 4.0, 3.0, 4.0, 3.0, 6.0, 5.0, 5.0, 4.0, 3.0, 5.0, 6.0, 5.0, 2.0, 3.0, 7.0, 4.0, 5.0, 5.0, 8.0, 6.0, 6.0, 4.0, 4.0, 4.0, 2.0, 2.0, 5.0, 3.0, 3.0, 9.0, 4.0, 5.0, 5.0, 3.0, 3.0, 3.0, 2.0, 3.0, 3.0, 3.0, 2.0, 6.0, 3.0, 3.0, 6.0, 5.0, 5.0, 3.0, 5.0, 3.0, 5.0, 5.0, 5.0, 5.0, 6.0, 4.0, 7.0, 2.0, 5.0, 5.0, 2.0, 3.0, 4.0, 4.0, 3.0, 3.0, 4.0, 4.0, 3.0, 2.0, 6.0, 4.0, 3.0, 4.0, 5.0, 4.0, 5.0, 3.0, 3.0, 5.0, 2.0, 3.0, 5.0, 3.0, 3.0, 4.0, 5.0, 3.0, 3.0, 4.0, 3.0, 4.0, 4.0, 4.0, 4.0, 5.0, 5.0, 2.0, 3.0, 8.0, 3.0, 3.0, 2.0, 3.0, 2.0, 4.0, 3.0, 5.0, 4.0, 3.0, 3.0, 5.0, 4.0, 3.0, 5.0, 12.0, 5.0, 10.0, 5.0, 3.0, 14.0, 2.0, 4.0, 3.0, 2.0, 4.0, 3.0, 4.0, 5.0, 4.0, 5.0, 5.0, 5.0, 4.0, 5.0, 4.0, 5.0, 4.0, 5.0, 5.0, 4.0, 5.0, 5.0, 4.0, 4.0, 4.0, 3.0, 4.0, 2.0, 3.0, 4.0, 4.0, 4.0, 5.0, 5.0, 5.0, 5.0, 5.0, 4.0, 4.0, 9.0, 3.0, 5.0, 4.0, 4.0, 5.0, 2.0, 2.0, 5.0, 4.0, 5.0, 6.0, 5.0, 4.0, 4.0, 5.0, 6.0, 4.0, 5.0, 4.0, 5.0, 5.0, 4.0, 5.0, 4.0, 4.0, 2.0, 5.0, 4.0, 5.0, 4.0, 4.0, 5.0, 3.0, 5.0, 5.0, 5.0, 5.0, 6.0, 6.0, 3.0, 3.0, 2.0, 3.0, 5.0, 4.0, 4.0, 5.0, 5.0, 5.0, 5.0, 5.0, 4.0, 5.0, 5.0, 5.0, 4.0, 5.0, 4.0, 5.0, 4.0, 3.0, 4.0, 4.0, 5.0, 5.0, 3.0, 4.0, 5.0, 4.0, 5.0, 3.0, 5.0, 4.0, 5.0, 3.0, 4.0, 5.0, 5.0, 4.0, 5.0, 3.0, 5.0, 7.0, 4.0, 4.0, 4.0, 4.0, 2.0, 4.0, 4.0, 3.0, 5.0, 4.0, 5.0, 3.0, 2.0, 5.0, 2.0, 5.0, 4.0, 6.0, 5.0, 3.0, 3.0, 3.0, 4.0, 5.0, 5.0, 3.0, 3.0, 3.0, 4.0, 5.0, 5.0, 4.0, 2.0, 4.0, 3.0, 3.0, 2.0, 5.0, 4.0, 5.0, 4.0, 4.0, 3.0, 3.0, 4.0, 7.0, 3.0, 5.0, 4.0, 5.0, 8.0, 4.0, 5.0, 5.0, 3.0, 4.0, 5.0, 3.0, 4.0, 5.0, 2.0, 3.0, 3.0, 2.0, 2.0, 3.0, 3.0, 2.0, 2.0, 3.0, 3.0, 4.0, 2.0, 3.0, 3.0, 4.0, 5.0, 7.0, 4.0, 4.0, 3.0, 5.0, 3.0, 3.0, 3.0, 5.0, 4.0, 3.0, 6.0, 4.0, 4.0, 5.0, 3.0, 3.0, 2.0, 3.0, 5.0, 3.0, 3.0, 4.0, 3.0, 4.0, 3.0, 5.0, 2.0, 3.0, 3.0, 3.0, 2.0, 5.0, 5.0, 6.0, 4.0, 4.0, 5.0, 3.0, 4.0, 4.0, 4.0, 5.0, 5.0, 5.0, 3.0, 5.0, 5.0, 4.0, 3.0, 4.0, 5.0, 5.0, 5.0, 4.0, 5.0, 4.0, 6.0, 4.0, 7.0, 3.0, 5.0, 8.0, 5.0, 4.0, 3.0, 4.0, 3.0, 3.0, 3.0, 3.0, 2.0, 2.0, 3.0, 5.0, 7.0, 3.0, 2.0, 2.0, 3.0, 3.0, 3.0, 5.0, 5.0, 3.0, 3.0, 4.0, 3.0, 5.0, 4.0, 58.0, 5.0, 4.0, 4.0, 5.0, 4.0, 3.0, 3.0, 5.0, 3.0, 5.0, 2.0, 5.0, 5.0, 3.0, 4.0, 6.0, 2.0, 5.0, 4.0, 5.0, 3.0, 5.0, 5.0, 4.0, 7.0, 5.0, 4.0, 5.0, 4.0, 5.0, 4.0, 2.0, 5.0, 5.0, 4.0, 5.0, 4.0, 5.0, 3.0, 4.0, 2.0, 5.0, 4.0, 3.0, 3.0, 2.0, 9.0, 5.0, 2.0, 5.0, 3.0, 4.0, 4.0, 3.0, 3.0, 5.0, 2.0, 5.0, 4.0, 4.0, 4.0, 2.0, 5.0, 4.0, 3.0, 4.0, 5.0, 5.0, 4.0, 5.0, 3.0, 3.0, 5.0, 5.0, 6.0, 4.0, 4.0, 5.0, 4.0, 5.0, 5.0, 4.0, 4.0, 4.0, 5.0, 4.0, 5.0, 4.0, 5.0, 4.0, 5.0, 3.0, 4.0, 5.0, 5.0, 4.0, 2.0, 4.0, 5.0, 2.0, 3.0, 4.0, 3.0, 7.0, 5.0, 5.0, 5.0, 3.0, 4.0, 2.0, 5.0, 2.0, 2.0, 5.0, 4.0, 3.0, 3.0, 4.0, 5.0, 3.0, 4.0, 3.0, 4.0, 3.0, 5.0, 4.0, 2.0, 5.0, 3.0, 5.0, 3.0, 5.0, 4.0, 3.0, 4.0, 3.0, 4.0, 5.0, 4.0, 5.0, 3.0, 6.0, 4.0, 2.0, 5.0, 3.0, 4.0, 4.0, 5.0, 3.0, 4.0, 7.0, 4.0, 5.0, 6.0, 5.0, 4.0, 4.0, 5.0, 4.0, 6.0, 4.0, 4.0, 4.0, 4.0, 3.0, 5.0, 5.0, 5.0, 3.0, 3.0, 4.0, 2.0, 6.0, 5.0, 3.0, 4.0, 5.0, 2.0, 3.0, 3.0, 4.0, 5.0, 2.0, 2.0, 3.0, 3.0, 5.0, 3.0, 4.0, 3.0, 3.0, 3.0, 3.0, 4.0, 6.0, 5.0, 5.0, 5.0, 8.0, 5.0, 3.0, 4.0, 10.0, 3.0, 3.0, 2.0, 7.0, 4.0, 2.0, 5.0, 3.0, 4.0, 5.0, 3.0, 3.0, 4.0, 2.0, 3.0, 4.0, 4.0, 3.0, 4.0, 4.0, 3.0, 4.0, 5.0, 4.0, 6.0, 3.0, 4.0, 4.0, 3.0, 4.0, 7.0, 5.0, 5.0, 5.0, 4.0, 5.0, 5.0, 4.0, 6.0, 4.0, 3.0, 3.0, 5.0, 3.0, 4.0, 5.0, 3.0, 3.0, 5.0, 5.0, 3.0, 3.0, 4.0, 6.0, 3.0, 4.0, 5.0, 5.0, 5.0, 3.0, 5.0, 2.0, 2.0, 5.0, 4.0, 3.0, 4.0, 2.0, 5.0, 4.0, 3.0, 6.0, 4.0, 5.0, 4.0, 5.0, 6.0, 4.0, 8.0, 4.0, 5.0, 5.0, 8.0, 5.0, 6.0, 4.0, 5.0, 5.0, 3.0, 5.0, 3.0, 4.0, 5.0, 3.0, 6.0, 3.0, 4.0, 5.0, 3.0, 4.0, 4.0, 5.0, 5.0, 6.0, 4.0, 5.0, 5.0, 5.0, 3.0, 4.0, 5.0, 5.0, 4.0, 3.0, 5.0, 3.0, 4.0, 3.0, 5.0, 4.0, 3.0, 5.0, 7.0, 4.0, 7.0, 3.0, 4.0, 3.0, 3.0, 3.0, 3.0, 3.0, 3.0, 5.0, 3.0, 4.0, 5.0, 4.0, 3.0, 4.0, 3.0, 3.0, 6.0, 7.0, 3.0, 5.0, 7.0, 5.0, 5.0, 4.0, 4.0, 4.0, 4.0, 3.0, 5.0, 5.0, 4.0, 3.0, 4.0, 3.0, 4.0, 5.0, 4.0, 4.0, 3.0, 3.0, 3.0, 3.0, 3.0, 3.0, 3.0, 6.0, 3.0, 2.0, 3.0, 3.0, 4.0, 3.0, 3.0, 4.0, 3.0, 5.0, 4.0, 5.0, 3.0, 4.0, 4.0, 3.0, 3.0, 4.0, 4.0, 4.0, 3.0, 5.0, 3.0, 5.0, 5.0, 5.0, 2.0, 5.0, 5.0, 5.0, 3.0, 3.0, 6.0, 5.0, 5.0, 2.0, 3.0, 5.0, 5.0, 5.0, 2.0, 2.0, 4.0, 4.0, 5.0, 3.0, 3.0, 5.0, 5.0, 4.0, 2.0, 3.0, 5.0, 4.0, 5.0, 3.0, 5.0, 6.0, 3.0, 4.0, 5.0, 3.0, 3.0, 5.0, 3.0, 5.0, 3.0, 3.0, 3.0, 5.0, 4.0, 5.0, 3.0, 4.0, 5.0, 3.0, 5.0, 3.0, 4.0, 4.0, 3.0, 2.0, 5.0, 5.0, 5.0, 2.0, 5.0, 3.0, 4.0, 6.0, 8.0, 4.0, 5.0, 4.0, 5.0, 3.0, 3.0, 3.0, 4.0, 3.0, 3.0, 4.0, 5.0, 5.0, 5.0, 3.0, 3.0, 3.0, 3.0, 4.0, 5.0, 3.0, 2.0, 2.0, 5.0, 4.0, 5.0, 5.0, 5.0, 5.0, 5.0, 3.0, 4.0, 4.0, 4.0, 5.0, 3.0, 4.0, 3.0, 4.0, 5.0, 3.0, 2.0, 5.0, 4.0, 5.0, 4.0, 4.0, 6.0, 4.0, 5.0, 4.0, 4.0, 5.0, 4.0, 3.0, 5.0, 3.0, 4.0, 3.0, 3.0, 3.0, 3.0, 5.0, 3.0, 5.0, 2.0, 4.0, 4.0, 2.0, 3.0, 4.0, 4.0, 3.0, 3.0, 3.0, 3.0, 4.0, 5.0, 4.0, 6.0, 5.0, 5.0, 3.0, 5.0, 3.0, 3.0, 3.0, 5.0, 4.0, 4.0, 4.0, 5.0, 5.0, 3.0, 5.0, 3.0, 6.0, 7.0, 2.0, 7.0, 5.0, 3.0, 3.0, 7.0, 3.0, 3.0, 6.0, 3.0, 3.0, 6.0, 6.0, 6.0], (-1, 0): [42.0, 3.0, 4.0, 3.0, 2.0, 4.0, 3.0, 3.0, 4.0, 2.0, 2.0, 2.0, 1.0, 2.0, 4.0, 3.0, 2.0, 3.0, 2.0, 4.0, 5.0, 1.0, 4.0, 3.0, 4.0, 4.0, 3.0, 6.0, 4.0, 4.0, 2.0, 3.0, 3.0, 2.0, 1.0, 3.0, 2.0, 2.0, 3.0, 2.0, 3.0, 5.0, 2.0, 2.0, 6.0, 3.0, 3.0, 2.0, 3.0, 1.0, 3.0, 2.0, 2.0, 4.0, 4.0, 3.0, 1.0, 4.0, 4.0, 4.0, 3.0, 3.0, 3.0, 7.0, 4.0, 4.0, 1.0, 3.0, 3.0, 2.0, 2.0, 3.0, 3.0, 3.0, 2.0, 2.0, 4.0, 2.0, 2.0, 3.0, 3.0, 1.0, 2.0, 5.0, 2.0, 5.0, 3.0, 3.0, 5.0, 2.0, 1.0, 3.0, 3.0, 1.0, 3.0, 4.0, 2.0, 5.0, 2.0, 1.0, 4.0, 3.0, 2.0, 5.0, 4.0, 4.0, 2.0, 3.0, 3.0, 2.0, 2.0, 1.0, 2.0, 1.0, 1.0, 1.0, 6.0, 2.0, 4.0, 5.0, 4.0, 2.0, 2.0, 2.0, 3.0, 4.0, 2.0, 8.0, 2.0, 3.0, 1.0, 2.0, 2.0, 2.0, 3.0, 2.0, 3.0, 4.0, 2.0, 4.0, 4.0, 2.0, 4.0, 3.0, 4.0, 5.0, 2.0, 4.0, 5.0, 3.0, 3.0, 3.0, 2.0, 3.0, 4.0, 1.0, 2.0, 1.0, 1.0, 4.0, 2.0, 3.0, 3.0, 4.0, 4.0, 5.0, 4.0, 3.0, 2.0, 2.0, 4.0, 8.0, 4.0, 4.0, 4.0, 2.0, 1.0, 3.0, 2.0, 3.0, 4.0, 3.0, 4.0, 3.0, 4.0, 5.0, 3.0, 4.0, 4.0, 4.0, 4.0, 4.0, 4.0, 6.0, 6.0, 2.0, 3.0, 2.0, 4.0, 5.0, 3.0, 4.0, 2.0, 4.0, 4.0, 2.0, 3.0, 2.0, 3.0, 2.0, 2.0, 1.0, 3.0, 4.0, 5.0, 3.0, 4.0, 5.0, 3.0, 4.0, 3.0, 4.0, 4.0, 4.0, 4.0, 2.0, 4.0, 5.0, 4.0, 3.0, 8.0, 4.0, 3.0, 3.0, 2.0, 2.0, 4.0, 4.0, 4.0, 2.0, 2.0, 3.0, 3.0, 4.0, 1.0, 3.0, 4.0, 2.0, 3.0, 3.0, 2.0, 4.0, 3.0, 4.0, 4.0, 2.0, 4.0, 1.0, 9.0, 2.0, 2.0, 4.0, 3.0, 6.0, 2.0, 2.0, 4.0, 2.0, 4.0, 3.0, 5.0, 3.0, 3.0, 2.0, 3.0, 3.0, 4.0, 6.0, 1.0, 2.0, 2.0, 3.0, 3.0, 4.0, 3.0, 4.0, 3.0, 2.0, 4.0, 1.0, 5.0, 5.0, 2.0, 4.0, 4.0, 3.0, 2.0, 4.0, 3.0, 6.0, 4.0, 4.0, 4.0, 3.0, 3.0, 3.0, 2.0, 1.0, 5.0, 6.0, 2.0, 4.0, 3.0, 1.0, 1.0, 1.0, 1.0, 1.0, 1.0, 2.0, 2.0, 2.0, 1.0, 2.0, 3.0, 1.0, 3.0, 2.0, 3.0, 5.0, 2.0, 2.0, 2.0, 1.0, 4.0, 1.0, 3.0, 2.0, 4.0, 3.0, 2.0, 4.0, 2.0, 3.0, 4.0, 2.0, 2.0, 1.0, 3.0, 3.0, 2.0, 4.0, 4.0, 4.0, 3.0, 3.0, 3.0, 2.0, 1.0, 2.0, 1.0, 4.0, 3.0, 4.0, 4.0, 3.0, 5.0, 5.0, 1.0, 3.0, 4.0, 4.0, 2.0, 3.0, 4.0, 2.0, 3.0, 3.0, 2.0, 2.0, 3.0, 5.0, 3.0, 2.0, 3.0, 4.0, 3.0, 3.0, 3.0, 10.0, 3.0, 4.0, 3.0, 3.0, 4.0, 2.0, 2.0, 3.0, 5.0, 2.0, 2.0, 2.0, 2.0, 1.0, 3.0, 5.0, 1.0, 2.0, 1.0, 2.0, 2.0, 1.0, 4.0, 3.0, 1.0, 2.0, 3.0, 3.0, 4.0, 3.0, 3.0, 6.0, 4.0, 2.0, 4.0, 3.0, 4.0, 1.0, 3.0, 2.0, 4.0, 2.0, 4.0, 4.0, 2.0, 3.0, 6.0, 2.0, 3.0, 3.0, 2.0, 1.0, 2.0, 4.0, 3.0, 2.0, 3.0, 2.0, 4.0, 3.0, 3.0, 3.0, 2.0, 3.0, 3.0, 4.0, 4.0, 3.0, 4.0, 3.0, 3.0, 1.0, 3.0, 3.0, 3.0, 3.0, 2.0, 5.0, 4.0, 1.0, 5.0, 3.0, 2.0, 3.0, 3.0, 2.0, 4.0, 1.0, 5.0, 4.0, 3.0, 3.0, 1.0, 2.0, 3.0, 2.0, 2.0, 3.0, 3.0, 3.0, 5.0, 2.0, 2.0, 2.0, 5.0, 4.0, 3.0, 6.0, 4.0, 2.0, 4.0, 3.0, 2.0, 4.0, 3.0, 4.0, 3.0, 2.0, 4.0, 3.0, 4.0, 4.0, 2.0, 2.0, 4.0, 3.0, 4.0, 1.0, 3.0, 2.0, 3.0, 2.0, 4.0, 1.0, 4.0, 4.0, 2.0, 4.0, 2.0, 2.0, 2.0, 2.0, 1.0, 1.0, 3.0, 3.0, 2.0, 1.0, 3.0, 4.0, 1.0, 3.0, 4.0, 2.0, 1.0, 2.0, 4.0, 1.0, 3.0, 2.0, 3.0, 2.0, 4.0, 3.0, 2.0, 3.0, 2.0, 6.0, 3.0, 4.0, 4.0, 4.0, 4.0, 3.0, 2.0, 5.0, 2.0, 3.0, 3.0, 8.0, 6.0, 4.0, 3.0, 6.0, 18.0, 5.0, 4.0, 3.0, 10.0, 4.0, 2.0, 3.0, 7.0, 7.0, 4.0, 3.0, 9.0, 3.0, 4.0, 2.0, 2.0, 3.0, 3.0, 1.0, 3.0, 3.0, 2.0, 3.0, 2.0, 3.0, 1.0, 4.0, 4.0, 3.0, 2.0, 1.0, 1.0, 3.0, 3.0, 1.0, 3.0, 2.0, 2.0, 2.0, 3.0, 3.0, 5.0, 1.0, 3.0, 3.0, 2.0, 2.0, 3.0, 3.0, 2.0, 3.0, 2.0, 1.0, 4.0, 2.0, 1.0, 2.0, 2.0, 3.0, 2.0, 2.0, 3.0, 2.0, 1.0, 2.0, 4.0, 4.0, 2.0, 4.0, 4.0, 3.0, 4.0, 3.0, 4.0, 3.0, 5.0, 4.0, 3.0, 2.0, 4.0, 3.0, 3.0, 3.0, 4.0, 4.0, 5.0, 3.0, 3.0, 4.0, 5.0, 4.0, 2.0, 4.0, 2.0, 4.0, 4.0, 1.0, 2.0, 5.0, 4.0, 3.0, 2.0, 2.0, 5.0, 1.0, 3.0, 4.0, 4.0, 4.0, 3.0, 4.0, 2.0, 1.0, 4.0, 5.0, 2.0, 5.0, 2.0, 2.0, 3.0, 3.0, 2.0, 4.0, 3.0, 3.0, 4.0, 4.0, 5.0, 1.0, 2.0, 4.0, 4.0, 5.0, 4.0, 3.0, 4.0, 4.0, 5.0, 2.0, 8.0, 2.0, 3.0, 2.0, 3.0, 5.0, 2.0, 4.0, 3.0, 2.0, 4.0, 3.0, 2.0, 6.0, 2.0, 4.0, 4.0, 3.0, 8.0, 2.0, 3.0, 4.0, 3.0, 3.0, 2.0, 3.0, 2.0, 3.0, 2.0, 4.0, 3.0, 4.0, 3.0, 3.0, 2.0, 4.0, 2.0, 2.0, 4.0, 1.0, 3.0, 2.0, 1.0, 2.0, 4.0, 2.0, 4.0, 3.0, 2.0, 3.0, 5.0, 2.0, 2.0, 2.0, 7.0, 2.0, 5.0, 5.0, 2.0, 3.0, 2.0, 5.0, 4.0, 3.0, 2.0, 5.0, 4.0, 10.0, 2.0, 2.0, 3.0, 3.0, 3.0, 2.0, 4.0, 2.0, 2.0, 2.0, 2.0, 2.0, 2.0, 3.0, 6.0, 1.0, 2.0, 3.0, 3.0, 3.0, 3.0, 1.0, 3.0, 2.0, 4.0, 3.0, 1.0, 3.0, 5.0, 3.0, 2.0, 2.0, 4.0, 3.0, 3.0, 3.0, 5.0, 5.0, 5.0, 4.0, 3.0, 1.0, 3.0, 5.0, 4.0, 2.0, 3.0, 3.0, 3.0, 4.0, 1.0, 1.0, 5.0, 3.0, 3.0, 2.0, 3.0, 2.0, 3.0, 3.0, 2.0, 2.0, 1.0, 5.0, 3.0, 4.0, 9.0, 2.0, 4.0, 4.0, 2.0, 4.0, 2.0, 1.0, 4.0, 2.0, 3.0, 3.0, 2.0, 1.0, 4.0, 3.0, 2.0, 2.0, 3.0, 4.0, 4.0, 2.0, 3.0, 2.0, 6.0, 5.0, 2.0, 4.0, 5.0, 1.0, 1.0, 3.0, 4.0, 4.0, 2.0, 2.0, 2.0, 6.0, 3.0, 3.0, 3.0, 4.0, 4.0, 2.0, 2.0, 2.0, 2.0, 4.0, 4.0, 2.0, 2.0, 3.0, 4.0, 3.0, 1.0, 1.0, 2.0, 2.0, 4.0, 3.0, 3.0, 2.0, 4.0, 3.0, 7.0, 4.0, 5.0, 4.0, 4.0, 3.0, 2.0, 14.0, 4.0, 3.0, 5.0, 2.0, 3.0, 3.0, 2.0, 4.0, 2.0, 3.0, 4.0, 2.0, 4.0, 2.0, 4.0, 4.0, 3.0, 2.0, 3.0, 3.0, 4.0, 3.0, 2.0, 3.0, 2.0, 4.0, 2.0, 3.0, 2.0, 2.0, 4.0, 3.0, 5.0, 1.0, 1.0, 6.0, 2.0, 1.0, 4.0, 3.0, 2.0, 2.0, 2.0, 2.0, 8.0, 5.0, 4.0, 31.0, 4.0, 3.0, 3.0, 4.0, 4.0, 3.0, 2.0, 2.0, 4.0, 4.0, 3.0, 5.0, 4.0, 1.0, 4.0, 3.0, 5.0, 3.0, 1.0, 4.0, 3.0, 5.0, 2.0, 3.0, 2.0, 4.0, 2.0, 2.0, 2.0, 7.0, 3.0, 4.0]}
	pre-experiment: 0
	post-clients-create: 1108488
	post-experiment: 3601096

