---experiment_1, ot---
	Total simulation duration: 52937.0
	Total insert events: 1000
	Total delete events: 0
	Total packets: 2002
	Total size of packets sent: 48122
	Average packet payload size: 24.036963037
	Total size of packets sent, if there were no meta-information: 0
	Average packet payload size without meta-information: 0.0
	Expected number of packets sent - give optimal client-server network with everyone joining at start: 2002
	Latency/wait time per client when requesting CRDT: [16.0, 0]
	From whom each client request CRDT: [-1, -1]
	Length of stringified document/crdt during state replay, on average: 0
	latencies: {(0, -1): [3.0, 3.0, 4.0, 4.0, 4.0, 3.0, 6.0, 5.0, 4.0, 3.0, 3.0, 3.0, 3.0, 4.0, 3.0, 3.0, 5.0, 3.0, 5.0, 3.0, 2.0, 4.0, 4.0, 4.0, 4.0, 4.0, 3.0, 8.0, 6.0, 5.0, 4.0, 3.0, 3.0, 4.0, 4.0, 4.0, 6.0, 5.0, 9.0, 10.0, 3.0, 3.0, 4.0, 4.0, 4.0, 5.0, 5.0, 5.0, 4.0, 4.0, 5.0, 7.0, 5.0, 4.0, 5.0, 7.0, 2.0, 5.0, 2.0, 4.0, 4.0, 6.0, 3.0, 3.0, 5.0, 4.0, 4.0, 5.0, 5.0, 5.0, 6.0, 4.0, 4.0, 2.0, 5.0, 6.0, 5.0, 4.0, 3.0, 6.0, 3.0, 3.0, 4.0, 5.0, 3.0, 5.0, 4.0, 5.0, 4.0, 3.0, 4.0, 3.0, 2.0, 5.0, 4.0, 5.0, 4.0, 6.0, 5.0, 4.0, 5.0, 4.0, 5.0, 5.0, 5.0, 4.0, 4.0, 4.0, 3.0, 4.0, 5.0, 5.0, 5.0, 4.0, 4.0, 5.0, 5.0, 2.0, 5.0, 5.0, 3.0, 2.0, 3.0, 7.0, 6.0, 8.0, 11.0, 4.0, 3.0, 9.0, 3.0, 4.0, 2.0, 5.0, 3.0, 4.0, 5.0, 5.0, 4.0, 4.0, 4.0, 6.0, 3.0, 3.0, 6.0, 4.0, 4.0, 4.0, 5.0, 4.0, 4.0, 3.0, 4.0, 5.0, 2.0, 5.0, 5.0, 5.0, 3.0, 5.0, 3.0, 3.0, 3.0, 4.0, 5.0, 5.0, 3.0, 4.0, 4.0, 7.0, 7.0, 4.0, 4.0, 4.0, 3.0, 4.0, 4.0, 5.0, 4.0, 2.0, 3.0, 5.0, 3.0, 4.0, 5.0, 2.0, 6.0, 5.0, 8.0, 3.0, 4.0, 5.0, 5.0, 3.0, 3.0, 4.0, 4.0, 3.0, 3.0, 4.0, 4.0, 5.0, 3.0, 3.0, 4.0, 5.0, 4.0, 3.0, 4.0, 5.0, 4.0, 5.0, 3.0, 4.0, 5.0, 5.0, 4.0, 2.0, 5.0, 5.0, 5.0, 4.0, 5.0, 3.0, 4.0, 4.0, 5.0, 5.0, 5.0, 5.0, 5.0, 7.0, 5.0, 3.0, 5.0, 5.0, 5.0, 5.0, 5.0, 5.0, 3.0, 3.0, 3.0, 4.0, 4.0, 3.0, 3.0, 4.0, 4.0, 5.0, 4.0, 3.0, 3.0, 5.0, 4.0, 5.0, 3.0, 3.0, 3.0, 5.0, 3.0, 5.0, 4.0, 3.0, 5.0, 4.0, 4.0, 4.0, 5.0, 3.0, 4.0, 4.0, 2.0, 4.0, 4.0, 3.0, 4.0, 3.0, 3.0, 2.0, 2.0, 3.0, 3.0, 2.0, 3.0, 4.0, 3.0, 4.0, 5.0, 3.0, 5.0, 4.0, 5.0, 4.0, 5.0, 3.0, 4.0, 5.0, 3.0, 3.0, 3.0, 4.0, 3.0, 4.0, 4.0, 3.0, 3.0, 3.0, 3.0, 4.0, 4.0, 4.0, 2.0, 3.0, 3.0, 4.0, 4.0, 3.0, 3.0, 3.0, 2.0, 5.0, 5.0, 3.0, 5.0, 3.0, 2.0, 5.0, 4.0, 5.0, 5.0, 2.0, 3.0, 5.0, 4.0, 4.0, 2.0, 3.0, 3.0, 2.0, 3.0, 4.0, 3.0, 3.0, 4.0, 3.0, 3.0, 3.0, 3.0, 4.0, 6.0, 3.0, 3.0, 3.0, 4.0, 5.0, 3.0, 4.0, 2.0, 3.0, 4.0, 3.0, 3.0, 4.0, 2.0, 5.0, 3.0, 5.0, 3.0, 4.0, 4.0, 2.0, 5.0, 4.0, 3.0, 3.0, 3.0, 5.0, 5.0, 5.0, 4.0, 5.0, 5.0, 2.0, 2.0, 6.0, 3.0, 5.0, 4.0, 6.0, 5.0, 8.0, 2.0, 5.0, 5.0, 4.0, 5.0, 2.0, 3.0, 3.0, 4.0, 5.0, 5.0, 3.0, 3.0, 2.0, 5.0, 5.0, 4.0, 5.0, 5.0, 3.0, 5.0, 4.0, 4.0, 5.0, 3.0, 4.0, 3.0, 3.0, 3.0, 2.0, 3.0, 2.0, 3.0, 4.0, 3.0, 4.0, 5.0, 5.0, 3.0, 4.0, 5.0, 3.0, 3.0, 4.0, 5.0, 3.0, 3.0, 6.0, 3.0, 4.0, 3.0, 3.0, 2.0, 5.0, 5.0, 2.0, 3.0, 6.0, 5.0, 3.0, 5.0, 2.0, 3.0, 3.0, 3.0, 3.0, 2.0, 3.0, 2.0, 3.0, 4.0, 3.0, 4.0, 5.0, 4.0, 6.0, 3.0, 3.0, 3.0, 2.0, 2.0, 4.0, 5.0, 5.0, 3.0, 3.0, 8.0, 3.0, 4.0, 5.0, 3.0, 3.0, 5.0, 3.0, 3.0, 5.0, 2.0, 3.0, 5.0, 3.0, 3.0, 5.0, 4.0, 4.0, 4.0, 4.0, 4.0, 3.0, 4.0, 4.0, 3.0, 5.0, 4.0, 3.0, 4.0, 4.0, 5.0, 3.0, 4.0, 4.0, 3.0, 5.0, 6.0, 4.0, 5.0, 4.0, 4.0, 3.0, 4.0, 5.0, 4.0, 5.0, 6.0, 5.0, 3.0, 2.0, 3.0, 4.0, 4.0, 3.0, 3.0, 5.0, 5.0, 4.0, 3.0, 5.0, 2.0, 4.0, 5.0, 4.0, 4.0, 4.0, 5.0, 2.0, 3.0, 4.0, 5.0, 3.0, 4.0, 3.0, 6.0, 4.0, 2.0, 4.0, 4.0, 4.0, 3.0, 3.0, 5.0, 5.0, 4.0, 5.0, 3.0, 3.0, 5.0, 5.0, 4.0, 3.0, 4.0, 3.0, 3.0, 3.0, 4.0, 4.0, 3.0, 3.0, 5.0, 4.0, 5.0, 4.0, 3.0, 4.0, 2.0, 3.0, 6.0, 3.0, 3.0, 4.0, 5.0, 6.0, 4.0, 5.0, 4.0, 2.0, 3.0, 4.0, 3.0, 3.0, 4.0, 3.0, 2.0, 4.0, 4.0, 3.0, 3.0, 4.0, 3.0, 2.0, 5.0, 3.0, 3.0, 5.0, 5.0, 4.0, 5.0, 4.0, 5.0, 3.0, 4.0, 2.0, 3.0, 3.0, 6.0, 3.0, 5.0, 3.0, 2.0, 5.0, 4.0, 5.0, 4.0, 4.0, 10.0, 3.0, 6.0, 3.0, 4.0, 5.0, 4.0, 5.0, 3.0, 2.0, 2.0, 6.0, 3.0, 4.0, 4.0, 4.0, 3.0, 5.0, 5.0, 5.0, 10.0, 3.0, 3.0, 4.0, 5.0, 6.0, 3.0, 4.0, 2.0, 3.0, 3.0, 3.0, 3.0, 3.0, 4.0, 3.0, 4.0, 5.0, 3.0, 4.0, 5.0, 3.0, 5.0, 4.0, 4.0, 4.0, 4.0, 6.0, 3.0, 3.0, 4.0, 3.0, 4.0, 4.0, 3.0, 5.0, 4.0, 5.0, 5.0, 5.0, 5.0, 4.0, 5.0, 5.0, 4.0, 4.0, 4.0, 5.0, 3.0, 3.0, 6.0, 5.0, 3.0, 2.0, 5.0, 5.0, 4.0, 4.0, 5.0, 4.0, 4.0, 5.0, 3.0, 4.0, 5.0, 5.0, 5.0, 5.0, 2.0, 3.0, 5.0, 3.0, 3.0, 4.0, 3.0, 2.0, 4.0, 4.0, 4.0, 3.0, 5.0, 5.0, 3.0, 5.0, 5.0, 2.0, 3.0, 3.0, 3.0, 3.0, 4.0, 4.0, 3.0, 3.0, 2.0, 3.0, 3.0, 2.0, 4.0, 4.0, 3.0, 4.0, 4.0, 4.0, 3.0, 3.0, 3.0, 6.0, 6.0, 5.0, 3.0, 3.0, 3.0, 4.0, 4.0, 5.0, 3.0, 3.0, 5.0, 3.0, 3.0, 4.0, 4.0, 3.0, 2.0, 6.0, 5.0, 4.0, 5.0, 3.0, 4.0, 6.0, 2.0, 4.0, 5.0, 4.0, 5.0, 4.0, 5.0, 5.0, 2.0, 3.0, 4.0, 5.0, 5.0, 5.0, 4.0, 5.0, 2.0, 3.0, 4.0, 3.0, 2.0, 4.0, 4.0, 4.0, 3.0, 5.0, 5.0, 3.0, 2.0, 2.0, 4.0, 4.0, 4.0, 5.0, 4.0, 5.0, 3.0, 4.0, 3.0, 5.0, 3.0, 5.0, 5.0, 4.0, 5.0, 5.0, 3.0, 4.0, 5.0, 3.0, 4.0, 4.0, 4.0, 3.0, 5.0, 3.0, 5.0, 5.0, 3.0, 4.0, 5.0, 6.0, 4.0, 4.0, 5.0, 2.0, 5.0, 3.0, 4.0, 4.0, 5.0, 5.0, 3.0, 5.0, 3.0, 6.0, 2.0, 3.0, 4.0, 2.0, 3.0, 2.0, 4.0, 4.0, 5.0, 3.0, 5.0, 4.0, 2.0, 7.0, 4.0, 4.0, 5.0, 6.0, 5.0, 2.0, 3.0, 2.0, 4.0, 4.0, 5.0, 5.0, 4.0, 3.0, 5.0, 3.0, 3.0, 5.0, 2.0, 5.0, 3.0, 3.0, 3.0, 3.0, 2.0, 3.0, 5.0, 3.0, 4.0, 4.0, 5.0, 7.0, 4.0, 5.0, 5.0, 4.0, 5.0, 2.0, 3.0, 4.0, 4.0, 4.0, 4.0, 4.0, 4.0, 2.0, 3.0, 2.0, 3.0, 5.0, 5.0, 5.0, 5.0, 4.0, 3.0, 5.0, 2.0, 3.0, 5.0, 5.0, 5.0, 5.0, 3.0, 5.0, 3.0, 4.0, 4.0, 3.0, 3.0, 3.0, 2.0, 5.0, 4.0, 4.0, 4.0, 4.0, 6.0, 3.0, 5.0, 5.0, 5.0, 5.0, 5.0, 4.0, 4.0, 4.0, 6.0, 3.0, 5.0, 4.0, 5.0, 5.0, 5.0, 3.0, 4.0, 2.0, 3.0, 5.0, 4.0, 4.0, 2.0, 7.0, 3.0, 5.0, 6.0, 4.0, 3.0, 2.0, 4.0, 5.0, 5.0, 4.0, 5.0, 5.0, 4.0, 5.0, 5.0, 4.0, 4.0, 5.0, 5.0, 5.0, 4.0, 4.0], (-1, 0): [43.0, 44.0, 44.0, 43.0, 43.0, 44.0, 43.0, 42.0, 44.0, 45.0, 45.0, 45.0, 45.0, 43.0, 44.0, 44.0, 43.0, 45.0, 43.0, 46.0, 47.0, 44.0, 46.0, 44.0, 45.0, 46.0, 45.0, 42.0, 44.0, 44.0, 44.0, 44.0, 45.0, 44.0, 46.0, 44.0, 43.0, 44.0, 39.0, 39.0, 46.0, 43.0, 42.0, 42.0, 46.0, 45.0, 45.0, 45.0, 45.0, 45.0, 45.0, 45.0, 45.0, 44.0, 44.0, 42.0, 46.0, 43.0, 46.0, 44.0, 44.0, 43.0, 47.0, 46.0, 43.0, 46.0, 45.0, 44.0, 45.0, 45.0, 43.0, 44.0, 46.0, 46.0, 44.0, 44.0, 41.0, 43.0, 44.0, 42.0, 45.0, 46.0, 44.0, 44.0, 47.0, 43.0, 45.0, 44.0, 44.0, 47.0, 44.0, 47.0, 47.0, 43.0, 44.0, 44.0, 45.0, 44.0, 45.0, 44.0, 43.0, 45.0, 45.0, 45.0, 45.0, 45.0, 45.0, 44.0, 47.0, 46.0, 44.0, 44.0, 44.0, 45.0, 45.0, 45.0, 44.0, 47.0, 44.0, 43.0, 47.0, 46.0, 47.0, 42.0, 43.0, 40.0, 38.0, 44.0, 47.0, 41.0, 43.0, 39.0, 44.0, 41.0, 43.0, 42.0, 43.0, 44.0, 45.0, 46.0, 46.0, 44.0, 46.0, 45.0, 44.0, 45.0, 45.0, 44.0, 45.0, 44.0, 44.0, 45.0, 45.0, 45.0, 47.0, 44.0, 44.0, 44.0, 44.0, 45.0, 47.0, 45.0, 51.0, 46.0, 45.0, 43.0, 45.0, 45.0, 44.0, 42.0, 42.0, 45.0, 44.0, 45.0, 46.0, 44.0, 45.0, 44.0, 44.0, 47.0, 47.0, 44.0, 47.0, 44.0, 44.0, 47.0, 44.0, 45.0, 40.0, 46.0, 44.0, 43.0, 44.0, 46.0, 47.0, 44.0, 44.0, 46.0, 47.0, 45.0, 44.0, 44.0, 46.0, 46.0, 45.0, 44.0, 44.0, 46.0, 44.0, 44.0, 44.0, 44.0, 45.0, 46.0, 45.0, 45.0, 42.0, 44.0, 43.0, 43.0, 44.0, 45.0, 44.0, 46.0, 44.0, 45.0, 45.0, 45.0, 45.0, 44.0, 45.0, 43.0, 44.0, 45.0, 43.0, 45.0, 45.0, 45.0, 44.0, 44.0, 46.0, 45.0, 46.0, 46.0, 45.0, 46.0, 46.0, 44.0, 45.0, 44.0, 44.0, 46.0, 47.0, 43.0, 46.0, 44.0, 46.0, 45.0, 46.0, 43.0, 47.0, 45.0, 42.0, 44.0, 41.0, 43.0, 44.0, 45.0, 43.0, 47.0, 45.0, 44.0, 46.0, 44.0, 44.0, 46.0, 45.0, 45.0, 46.0, 46.0, 46.0, 47.0, 46.0, 46.0, 46.0, 43.0, 46.0, 44.0, 44.0, 45.0, 45.0, 45.0, 45.0, 45.0, 44.0, 46.0, 46.0, 44.0, 45.0, 45.0, 47.0, 44.0, 47.0, 44.0, 44.0, 46.0, 46.0, 46.0, 45.0, 44.0, 46.0, 45.0, 46.0, 46.0, 46.0, 45.0, 45.0, 46.0, 46.0, 47.0, 46.0, 44.0, 43.0, 46.0, 44.0, 46.0, 47.0, 43.0, 44.0, 44.0, 44.0, 46.0, 45.0, 44.0, 45.0, 45.0, 46.0, 47.0, 46.0, 46.0, 46.0, 45.0, 47.0, 46.0, 46.0, 46.0, 46.0, 53.0, 46.0, 46.0, 42.0, 46.0, 46.0, 46.0, 46.0, 44.0, 47.0, 45.0, 47.0, 47.0, 44.0, 46.0, 47.0, 45.0, 46.0, 44.0, 46.0, 45.0, 45.0, 45.0, 46.0, 47.0, 45.0, 44.0, 46.0, 46.0, 46.0, 44.0, 45.0, 45.0, 45.0, 45.0, 44.0, 47.0, 47.0, 43.0, 47.0, 44.0, 45.0, 43.0, 45.0, 39.0, 46.0, 45.0, 44.0, 45.0, 43.0, 47.0, 46.0, 45.0, 46.0, 44.0, 45.0, 45.0, 47.0, 47.0, 44.0, 45.0, 44.0, 44.0, 44.0, 47.0, 44.0, 44.0, 44.0, 45.0, 46.0, 45.0, 46.0, 45.0, 42.0, 47.0, 46.0, 47.0, 47.0, 45.0, 45.0, 46.0, 45.0, 43.0, 46.0, 45.0, 43.0, 46.0, 46.0, 46.0, 44.0, 47.0, 47.0, 42.0, 47.0, 44.0, 45.0, 47.0, 47.0, 45.0, 44.0, 46.0, 47.0, 43.0, 44.0, 47.0, 43.0, 46.0, 46.0, 45.0, 45.0, 46.0, 46.0, 46.0, 47.0, 46.0, 44.0, 47.0, 46.0, 44.0, 45.0, 43.0, 45.0, 46.0, 46.0, 47.0, 47.0, 45.0, 45.0, 44.0, 47.0, 45.0, 41.0, 46.0, 44.0, 44.0, 46.0, 47.0, 43.0, 47.0, 45.0, 43.0, 47.0, 46.0, 44.0, 45.0, 47.0, 44.0, 45.0, 45.0, 45.0, 45.0, 45.0, 46.0, 46.0, 44.0, 45.0, 44.0, 44.0, 45.0, 44.0, 44.0, 44.0, 46.0, 45.0, 44.0, 47.0, 45.0, 44.0, 45.0, 44.0, 44.0, 43.0, 45.0, 44.0, 44.0, 46.0, 45.0, 42.0, 44.0, 46.0, 48.0, 47.0, 44.0, 44.0, 46.0, 46.0, 45.0, 45.0, 45.0, 47.0, 44.0, 47.0, 44.0, 45.0, 44.0, 44.0, 46.0, 44.0, 46.0, 45.0, 45.0, 44.0, 46.0, 45.0, 47.0, 44.0, 45.0, 47.0, 44.0, 46.0, 45.0, 46.0, 47.0, 44.0, 45.0, 45.0, 43.0, 46.0, 46.0, 44.0, 43.0, 46.0, 45.0, 3.0, 4.0, 5.0, 4.0, 4.0, 4.0, 5.0, 5.0, 3.0, 6.0, 5.0, 7.0, 10.0, 7.0, 10.0, 11.0, 7.0, 11.0, 11.0, 11.0, 10.0, 10.0, 11.0, 10.0, 10.0, 13.0, 13.0, 12.0, 13.0, 15.0, 15.0, 16.0, 16.0, 17.0, 17.0, 17.0, 18.0, 19.0, 19.0, 21.0, 18.0, 21.0, 21.0, 19.0, 19.0, 20.0, 20.0, 22.0, 21.0, 23.0, 22.0, 25.0, 25.0, 26.0, 23.0, 25.0, 24.0, 26.0, 28.0, 26.0, 25.0, 25.0, 26.0, 26.0, 22.0, 30.0, 27.0, 29.0, 30.0, 28.0, 29.0, 29.0, 32.0, 33.0, 33.0, 30.0, 34.0, 33.0, 32.0, 32.0, 35.0, 34.0, 34.0, 36.0, 31.0, 38.0, 38.0, 39.0, 39.0, 38.0, 41.0, 41.0, 43.0, 43.0, 42.0, 43.0, 44.0, 45.0, 43.0, 46.0, 45.0, 44.0, 45.0, 44.0, 44.0, 47.0, 44.0, 45.0, 44.0, 46.0, 45.0, 43.0, 46.0, 47.0, 44.0, 47.0, 45.0, 45.0, 47.0, 45.0, 45.0, 45.0, 44.0, 40.0, 42.0, 43.0, 44.0, 45.0, 45.0, 44.0, 45.0, 45.0, 45.0, 47.0, 43.0, 44.0, 45.0, 47.0, 45.0, 45.0, 45.0, 44.0, 44.0, 45.0, 45.0, 43.0, 47.0, 45.0, 45.0, 45.0, 45.0, 43.0, 47.0, 47.0, 43.0, 47.0, 47.0, 45.0, 45.0, 47.0, 45.0, 44.0, 44.0, 47.0, 44.0, 44.0, 47.0, 45.0, 43.0, 47.0, 47.0, 45.0, 47.0, 47.0, 45.0, 44.0, 46.0, 46.0, 46.0, 46.0, 45.0, 47.0, 45.0, 44.0, 46.0, 44.0, 44.0, 46.0, 47.0, 45.0, 46.0, 43.0, 43.0, 44.0, 46.0, 46.0, 45.0, 44.0, 44.0, 44.0, 46.0, 46.0, 44.0, 47.0, 46.0, 45.0, 45.0, 47.0, 47.0, 43.0, 44.0, 46.0, 43.0, 47.0, 44.0, 44.0, 47.0, 46.0, 44.0, 45.0, 45.0, 45.0, 45.0, 44.0, 46.0, 46.0, 46.0, 44.0, 44.0, 44.0, 45.0, 44.0, 47.0, 45.0, 46.0, 46.0, 46.0, 44.0, 44.0, 44.0, 46.0, 44.0, 45.0, 47.0, 46.0, 47.0, 43.0, 44.0, 44.0, 44.0, 44.0, 44.0, 47.0, 44.0, 46.0, 43.0, 46.0, 45.0, 45.0, 45.0, 45.0, 44.0, 45.0, 45.0, 43.0, 46.0, 46.0, 46.0, 44.0, 46.0, 45.0, 46.0, 45.0, 43.0, 47.0, 44.0, 45.0, 44.0, 45.0, 45.0, 44.0, 47.0, 44.0, 46.0, 45.0, 45.0, 45.0, 44.0, 47.0, 44.0, 47.0, 44.0, 46.0, 47.0, 44.0, 47.0, 46.0, 46.0, 46.0, 45.0, 44.0, 46.0, 45.0, 44.0, 47.0, 45.0, 45.0, 45.0, 45.0, 43.0, 44.0, 46.0, 46.0, 47.0, 46.0, 45.0, 45.0, 45.0, 44.0, 47.0, 44.0, 45.0, 45.0, 45.0, 48.0, 44.0, 47.0, 46.0, 46.0, 46.0, 46.0, 47.0, 43.0, 45.0, 44.0, 45.0, 45.0, 43.0, 45.0, 45.0, 44.0, 44.0, 45.0, 46.0, 46.0, 45.0, 44.0, 45.0, 44.0, 44.0, 45.0, 46.0, 46.0, 46.0, 47.0, 45.0, 45.0, 45.0, 45.0, 43.0, 46.0, 44.0, 47.0, 46.0, 45.0, 45.0, 45.0, 45.0, 45.0, 44.0, 47.0, 44.0, 46.0, 41.0, 45.0, 45.0, 47.0, 45.0, 45.0, 44.0, 44.0, 45.0, 57.0, 47.0, 45.0, 45.0, 45.0, 45.0, 45.0, 44.0, 46.0, 46.0, 44.0, 46.0, 45.0, 44.0, 45.0, 45.0, 45.0, 46.0, 44.0, 46.0, 47.0, 44.0, 46.0, 44.0, 46.0, 42.0, 48.0, 44.0, 44.0, 46.0, 45.0, 46.0, 45.0, 45.0, 45.0, 46.0, 45.0, 45.0, 46.0, 45.0, 44.0, 45.0, 44.0, 45.0, 43.0, 43.0, 44.0, 46.0]}
	pre-experiment: 0
	post-clients-create: -3850808
	post-experiment: -2459216

