---experiment_3, ot---
	Total simulation duration: 42756.0
	Total insert events: 2000
	Total delete events: 0
	Total packets: 4804
	Total size of packets sent: 263110
	Average packet payload size: 54.7689425479
	Total size of packets sent, if there were no meta-information: 75913
	Average packet payload size without meta-information: 15.8020399667
	Expected number of packets sent - give optimal client-server network with everyone joining at start: 6004
	Latency/wait time per client when requesting CRDT: [46.0, 88.0, 0]
	From whom each client request CRDT: [-1, -1, -1]
	Length of stringified document/crdt during state replay, on average: 0
	latencies: {(0, -1): [5.0, 4.0, 4.0, 6.0, 4.0, 6.0, 6.0, 4.0, 3.0, 3.0, 3.0, 3.0, 4.0, 5.0, 4.0, 3.0, 4.0, 4.0, 3.0, 3.0, 5.0, 5.0, 5.0, 4.0, 4.0, 3.0, 3.0, 4.0, 2.0, 3.0, 4.0, 4.0, 3.0, 4.0, 4.0, 3.0, 3.0, 4.0, 3.0, 3.0, 3.0, 4.0, 3.0, 5.0, 3.0, 3.0, 3.0, 3.0, 3.0, 3.0, 4.0, 3.0, 3.0, 5.0, 2.0, 5.0, 3.0, 8.0, 6.0, 7.0, 6.0, 9.0, 3.0, 3.0, 4.0, 2.0, 2.0, 3.0, 2.0, 3.0, 3.0, 3.0, 8.0, 3.0, 2.0, 7.0, 4.0, 3.0, 5.0, 8.0, 5.0, 9.0, 5.0, 8.0, 6.0, 7.0, 7.0, 7.0, 4.0, 2.0, 3.0, 4.0, 6.0, 10.0, 4.0, 4.0, 6.0, 3.0, 7.0, 5.0, 3.0, 4.0, 5.0, 6.0, 3.0, 3.0, 4.0, 4.0, 4.0, 3.0, 3.0, 3.0, 3.0, 3.0, 8.0, 3.0, 3.0, 5.0, 4.0, 4.0, 3.0, 4.0, 5.0, 3.0, 3.0, 3.0, 4.0, 3.0, 3.0, 5.0, 2.0, 2.0, 4.0, 2.0, 4.0, 3.0, 4.0, 2.0, 3.0, 3.0, 4.0, 5.0, 2.0, 2.0, 2.0, 3.0, 3.0, 3.0, 3.0, 4.0, 3.0, 3.0, 3.0, 3.0, 3.0, 3.0, 5.0, 2.0, 3.0, 2.0, 3.0, 3.0, 3.0, 4.0, 2.0, 5.0, 2.0, 3.0, 3.0, 5.0, 4.0, 3.0, 3.0, 4.0, 3.0, 3.0, 2.0, 3.0, 3.0, 3.0, 3.0, 3.0, 3.0, 3.0, 3.0, 3.0, 3.0, 3.0, 5.0, 3.0, 15.0, 3.0, 3.0, 4.0, 4.0, 3.0, 3.0, 8.0, 3.0, 4.0, 3.0, 3.0, 3.0, 3.0, 3.0, 3.0, 3.0, 3.0, 3.0, 3.0, 3.0, 3.0, 2.0, 2.0, 2.0, 4.0, 3.0, 4.0, 5.0, 3.0, 3.0, 2.0, 3.0, 4.0, 3.0, 5.0, 4.0, 4.0, 4.0, 5.0, 2.0, 2.0, 4.0, 5.0, 5.0, 2.0, 3.0, 6.0, 3.0, 3.0, 2.0, 3.0, 3.0, 4.0, 3.0, 2.0, 2.0, 2.0, 2.0, 4.0, 5.0, 3.0, 4.0, 2.0, 4.0, 2.0, 2.0, 4.0, 2.0, 5.0, 3.0, 3.0, 4.0, 2.0, 4.0, 4.0, 4.0, 4.0, 3.0, 3.0, 3.0, 4.0, 3.0, 3.0, 3.0, 3.0, 3.0, 2.0, 3.0, 3.0, 4.0, 3.0, 3.0, 2.0, 4.0, 4.0, 3.0, 3.0, 2.0, 4.0, 3.0, 4.0, 3.0, 3.0, 2.0, 5.0, 5.0, 2.0, 5.0, 8.0, 4.0, 5.0, 4.0, 7.0, 6.0, 4.0, 6.0, 6.0, 5.0, 5.0, 5.0, 9.0, 4.0, 4.0, 7.0, 4.0, 4.0, 6.0, 6.0, 26.0, 5.0, 6.0, 4.0, 5.0, 7.0, 5.0, 4.0, 5.0, 7.0, 5.0, 8.0, 4.0, 3.0, 7.0, 4.0, 7.0, 3.0, 8.0, 6.0, 5.0, 3.0, 4.0, 4.0, 4.0, 6.0, 4.0, 4.0, 4.0, 4.0, 5.0, 7.0, 4.0, 4.0, 4.0, 4.0, 3.0, 3.0, 4.0, 3.0, 5.0, 5.0, 3.0, 2.0, 2.0, 3.0, 4.0, 3.0, 4.0, 3.0, 2.0, 2.0, 5.0, 4.0, 4.0, 5.0, 4.0, 3.0, 3.0, 4.0, 4.0, 3.0, 5.0, 4.0, 4.0, 4.0, 4.0, 3.0, 5.0, 3.0, 3.0, 4.0, 3.0, 3.0, 4.0, 3.0, 4.0, 3.0, 4.0, 5.0, 3.0, 3.0, 4.0, 3.0, 2.0, 6.0, 4.0, 2.0, 3.0, 5.0, 3.0, 5.0, 3.0, 4.0, 7.0, 5.0, 6.0, 4.0, 3.0, 3.0, 6.0, 5.0, 3.0, 5.0, 4.0, 3.0, 4.0, 4.0, 4.0, 5.0, 4.0, 3.0, 3.0, 3.0, 4.0, 3.0, 2.0, 4.0, 4.0, 3.0, 3.0, 2.0, 3.0, 5.0, 5.0, 3.0, 3.0, 3.0, 5.0, 4.0, 3.0, 4.0, 4.0, 7.0, 3.0, 2.0, 3.0, 3.0, 3.0, 4.0, 4.0, 3.0, 3.0, 3.0, 3.0, 6.0, 3.0, 5.0, 3.0, 3.0, 3.0, 4.0, 3.0, 5.0, 3.0, 4.0, 3.0, 3.0, 4.0, 4.0, 3.0, 3.0, 5.0, 3.0, 5.0, 4.0, 3.0, 5.0, 3.0, 3.0, 3.0, 3.0, 3.0, 3.0, 2.0, 4.0, 3.0, 5.0, 3.0, 4.0, 7.0, 3.0, 3.0, 2.0, 4.0, 4.0, 4.0, 4.0, 5.0, 2.0, 4.0, 3.0, 5.0, 4.0, 3.0, 3.0, 6.0, 3.0, 6.0, 3.0, 3.0, 6.0, 4.0, 3.0, 3.0, 3.0, 3.0, 3.0, 4.0, 4.0, 4.0, 3.0, 4.0, 4.0, 3.0, 7.0, 4.0, 4.0, 4.0, 2.0, 3.0, 4.0, 2.0, 5.0, 6.0, 4.0, 4.0, 3.0, 5.0, 4.0, 4.0, 4.0, 5.0, 3.0, 4.0, 4.0, 3.0, 3.0, 5.0, 3.0, 6.0, 3.0, 2.0, 3.0, 4.0, 4.0, 4.0, 3.0, 4.0, 4.0, 5.0, 3.0, 5.0, 3.0, 3.0, 5.0, 3.0, 5.0, 3.0, 3.0, 4.0, 3.0, 4.0, 4.0, 3.0, 3.0, 4.0, 3.0, 7.0, 4.0, 3.0, 5.0, 2.0, 4.0, 4.0, 4.0, 4.0, 4.0, 4.0, 2.0, 5.0, 4.0, 3.0, 3.0, 4.0, 4.0, 5.0, 4.0, 4.0, 4.0, 3.0, 4.0, 4.0, 3.0, 5.0, 4.0, 3.0, 4.0, 4.0, 5.0, 3.0, 5.0, 2.0, 5.0, 3.0, 5.0, 3.0, 5.0, 2.0, 4.0, 3.0, 5.0, 2.0, 5.0, 5.0, 5.0, 8.0, 3.0, 4.0, 4.0, 4.0, 2.0, 3.0, 4.0, 3.0, 6.0, 2.0, 5.0, 3.0, 2.0, 3.0, 4.0, 3.0, 4.0, 5.0, 2.0, 4.0, 3.0, 4.0, 3.0, 5.0, 4.0, 5.0, 4.0, 4.0, 3.0, 2.0, 3.0, 5.0, 4.0, 3.0, 4.0, 3.0, 5.0, 2.0, 3.0, 5.0, 3.0, 5.0, 4.0, 3.0, 2.0, 4.0, 5.0, 4.0, 5.0, 2.0, 3.0, 2.0, 4.0, 3.0, 4.0, 3.0, 4.0, 5.0, 4.0, 3.0, 3.0, 3.0, 5.0, 3.0, 5.0, 7.0, 3.0, 4.0, 4.0, 5.0, 4.0, 3.0, 3.0, 3.0, 5.0, 4.0, 4.0, 5.0, 3.0, 5.0, 4.0, 3.0, 2.0, 4.0, 5.0, 2.0, 5.0, 3.0, 4.0, 5.0, 4.0, 3.0, 3.0, 2.0, 5.0, 5.0, 4.0, 4.0, 3.0, 3.0, 3.0, 3.0, 5.0, 3.0, 5.0, 5.0, 2.0, 4.0, 4.0, 4.0, 3.0, 5.0, 4.0, 5.0, 4.0, 5.0, 3.0, 4.0, 2.0, 4.0, 3.0, 4.0, 3.0, 2.0, 4.0, 3.0, 6.0, 4.0, 5.0, 4.0, 4.0, 4.0, 5.0, 7.0, 5.0, 5.0, 2.0, 4.0, 5.0, 4.0, 2.0, 4.0, 4.0, 3.0, 2.0, 4.0, 4.0, 4.0, 4.0, 4.0, 5.0, 2.0, 2.0, 3.0, 5.0, 3.0, 2.0, 3.0, 2.0, 4.0, 4.0, 4.0, 4.0, 4.0, 3.0], (-1, 1): [43.0, 43.0, 5.0, 47.0, 16.0, 48.0, 25.0, 49.0, 35.0, 48.0, 35.0, 46.0, 35.0, 47.0, 35.0, 47.0, 38.0, 47.0, 40.0, 46.0, 37.0, 46.0, 40.0, 46.0, 36.0, 44.0, 37.0, 49.0, 37.0, 44.0, 35.0, 45.0, 35.0, 48.0, 34.0, 46.0, 36.0, 48.0, 38.0, 48.0, 36.0, 43.0, 35.0, 46.0, 32.0, 45.0, 33.0, 49.0, 33.0, 45.0, 33.0, 46.0, 34.0, 47.0, 33.0, 47.0, 36.0, 47.0, 38.0, 49.0, 39.0, 46.0, 38.0, 44.0, 38.0, 47.0, 36.0, 48.0, 36.0, 48.0, 37.0, 46.0, 37.0, 48.0, 35.0, 47.0, 37.0, 46.0, 37.0, 48.0, 37.0, 46.0, 35.0, 48.0, 36.0, 46.0, 36.0, 46.0, 39.0, 48.0, 39.0, 45.0, 39.0, 49.0, 39.0, 51.0, 42.0, 46.0, 43.0, 47.0, 41.0, 47.0, 42.0, 47.0, 42.0, 48.0, 39.0, 48.0, 42.0, 47.0, 40.0, 46.0, 40.0, 47.0, 35.0, 48.0, 32.0, 47.0, 30.0, 43.0, 32.0, 37.0, 27.0, 47.0, 32.0, 46.0, 35.0, 40.0, 34.0, 49.0, 36.0, 47.0, 37.0, 47.0, 36.0, 48.0, 37.0, 47.0, 36.0, 48.0, 36.0, 48.0, 38.0, 46.0, 31.0, 21.0, 3.0, 4.0, 49.0, 9.0, 4.0, 23.0, 23.0, 36.0, 34.0, 43.0, 43.0, 44.0, 40.0, 49.0, 45.0, 44.0, 40.0, 47.0, 45.0, 46.0, 43.0, 46.0, 43.0, 47.0, 44.0, 44.0, 42.0, 45.0, 42.0, 48.0, 45.0, 47.0, 47.0, 43.0, 47.0, 47.0, 45.0, 45.0, 40.0, 39.0, 47.0, 45.0, 48.0, 45.0, 46.0, 41.0, 48.0, 45.0, 47.0, 41.0, 48.0, 41.0, 48.0, 43.0, 48.0, 42.0, 44.0, 36.0, 47.0, 36.0, 47.0, 39.0, 48.0, 40.0, 48.0, 40.0, 45.0, 38.0, 48.0, 39.0, 46.0, 39.0, 46.0, 38.0, 48.0, 39.0, 45.0, 36.0, 45.0, 36.0, 49.0, 33.0, 45.0, 38.0, 48.0, 37.0, 48.0, 36.0, 48.0, 37.0, 47.0, 37.0, 46.0, 40.0, 47.0, 39.0, 48.0, 37.0, 46.0, 38.0, 46.0, 39.0, 47.0, 40.0, 47.0, 39.0, 46.0, 40.0, 47.0, 42.0, 47.0, 40.0, 46.0, 42.0, 48.0, 44.0, 47.0, 41.0, 48.0, 40.0, 46.0, 39.0, 47.0, 39.0, 49.0, 38.0, 47.0, 40.0, 47.0, 40.0, 46.0, 39.0, 46.0, 38.0, 46.0, 35.0, 47.0, 36.0, 47.0, 36.0, 48.0, 37.0, 48.0, 37.0, 48.0, 37.0, 15.0, 3.0, 3.0, 49.0, 13.0, 12.0, 25.0, 24.0, 36.0, 34.0, 45.0, 41.0, 49.0, 43.0, 46.0, 41.0, 48.0, 41.0, 46.0, 37.0, 48.0, 39.0, 46.0, 37.0, 48.0, 38.0, 48.0, 39.0, 46.0, 39.0, 47.0, 40.0, 48.0, 39.0, 46.0, 39.0, 47.0, 37.0, 48.0, 39.0, 48.0, 39.0, 49.0, 39.0, 47.0, 36.0, 46.0, 37.0, 48.0, 34.0, 48.0, 36.0, 47.0, 37.0, 48.0, 37.0, 48.0, 38.0, 48.0, 39.0, 47.0, 38.0, 48.0, 38.0, 47.0, 38.0, 48.0, 38.0, 48.0, 38.0, 45.0, 37.0, 47.0, 37.0, 48.0, 37.0, 49.0, 37.0, 46.0, 37.0, 48.0, 38.0, 42.0, 32.0, 47.0, 33.0, 44.0, 22.0, 46.0, 35.0, 47.0, 35.0, 47.0, 34.0, 47.0, 33.0, 47.0, 36.0, 46.0, 36.0, 39.0, 32.0, 48.0, 36.0, 48.0, 36.0, 47.0, 36.0, 45.0, 37.0, 48.0, 37.0, 48.0, 37.0, 48.0, 36.0, 46.0, 35.0, 48.0, 36.0, 48.0, 36.0, 48.0, 36.0, 48.0, 36.0, 47.0, 37.0, 46.0, 37.0, 47.0, 38.0, 47.0, 38.0, 49.0, 39.0, 47.0, 39.0, 45.0, 39.0, 48.0, 36.0, 48.0, 37.0, 46.0, 38.0, 46.0, 39.0, 2.0, 3.0, 31.0, 30.0, 40.0, 25.0, 48.0, 24.0, 47.0, 21.0, 47.0, 23.0, 46.0, 23.0, 48.0, 22.0, 46.0, 22.0, 46.0, 24.0, 49.0, 24.0, 47.0, 22.0, 48.0, 21.0, 47.0, 21.0, 49.0, 23.0, 47.0, 22.0, 48.0, 21.0, 45.0, 24.0, 49.0, 24.0, 48.0, 24.0, 47.0, 25.0, 47.0, 25.0, 47.0, 23.0, 47.0, 25.0, 46.0, 25.0, 48.0, 25.0, 49.0, 28.0, 49.0, 27.0, 48.0, 25.0, 47.0, 23.0, 47.0, 25.0, 47.0, 24.0, 47.0, 26.0, 47.0, 25.0, 47.0, 27.0, 48.0, 29.0, 46.0, 25.0, 48.0, 27.0, 47.0, 26.0, 46.0, 28.0, 47.0, 28.0, 45.0, 29.0, 47.0, 28.0, 48.0, 28.0, 48.0, 30.0, 48.0, 30.0, 46.0, 31.0, 46.0, 31.0, 48.0, 31.0, 47.0, 32.0, 49.0, 30.0, 46.0, 31.0, 47.0, 32.0, 48.0, 32.0, 47.0, 33.0, 48.0, 34.0, 46.0, 36.0, 47.0, 36.0, 48.0, 37.0, 46.0, 36.0, 47.0, 36.0, 49.0, 38.0, 47.0, 40.0, 45.0, 38.0, 49.0, 37.0, 46.0, 37.0, 48.0, 38.0, 47.0, 40.0, 46.0, 39.0, 46.0, 39.0, 47.0, 39.0, 46.0, 40.0, 49.0, 41.0, 7.0, 2.0, 3.0, 53.0, 16.0, 45.0, 28.0, 49.0, 38.0, 44.0, 41.0, 47.0, 46.0, 47.0, 45.0, 48.0, 48.0, 45.0, 43.0, 45.0, 45.0, 47.0, 46.0, 45.0, 43.0, 45.0, 44.0, 46.0, 44.0, 48.0, 44.0, 46.0, 46.0, 45.0, 41.0, 48.0, 46.0, 47.0, 46.0, 47.0, 44.0, 48.0, 48.0, 46.0, 46.0, 46.0, 44.0, 45.0, 43.0, 46.0, 24.0, 46.0, 45.0, 46.0, 45.0, 47.0, 46.0, 48.0, 45.0, 44.0, 42.0, 47.0, 45.0, 48.0, 47.0, 46.0, 45.0, 45.0, 44.0, 45.0, 44.0, 44.0, 41.0, 47.0, 45.0, 48.0, 48.0, 43.0, 42.0, 48.0, 47.0, 45.0, 44.0, 48.0, 48.0, 46.0, 41.0, 46.0, 44.0, 45.0, 44.0, 48.0, 45.0, 48.0, 45.0, 48.0, 45.0, 48.0, 44.0, 47.0, 41.0, 48.0, 44.0, 48.0, 44.0, 48.0, 43.0, 48.0, 42.0, 47.0, 41.0, 46.0, 37.0, 48.0, 40.0, 46.0, 39.0, 48.0, 40.0, 46.0, 38.0, 47.0, 39.0, 48.0, 38.0, 47.0, 38.0, 48.0, 38.0, 48.0, 36.0, 48.0, 38.0, 47.0, 39.0, 49.0, 40.0, 46.0, 43.0, 48.0, 42.0, 48.0, 40.0, 48.0, 42.0, 46.0, 39.0, 11.0, 3.0, 6.0, 4.0, 17.0, 5.0, 31.0, 53.0, 44.0, 56.0, 47.0, 5.0, 48.0, 5.0, 48.0, 6.0, 48.0, 6.0, 48.0, 7.0, 47.0, 7.0, 48.0, 5.0, 48.0, 6.0, 48.0, 3.0, 48.0, 5.0, 48.0, 5.0, 48.0, 3.0, 50.0, 5.0, 47.0, 8.0, 48.0, 5.0, 48.0, 5.0, 48.0, 6.0, 49.0, 4.0, 48.0, 5.0, 48.0, 7.0, 46.0, 4.0, 48.0, 6.0, 48.0, 4.0, 47.0, 4.0, 48.0, 54.0, 47.0, 52.0, 47.0, 3.0, 47.0, 3.0, 49.0, 53.0, 46.0, 50.0, 47.0, 50.0, 48.0, 46.0, 44.0, 47.0, 43.0, 48.0, 45.0, 50.0, 48.0, 46.0, 43.0, 49.0, 47.0, 46.0, 43.0, 48.0, 48.0, 48.0, 47.0, 45.0, 39.0, 47.0, 45.0, 47.0, 45.0, 48.0, 45.0, 48.0, 46.0, 52.0, 50.0, 50.0, 50.0, 50.0, 43.0, 3.0, 49.0, 52.0, 47.0, 53.0, 44.0, 4.0, 49.0, 54.0, 46.0, 54.0, 46.0, 55.0, 48.0, 55.0, 50.0, 6.0, 46.0, 7.0, 47.0, 7.0, 48.0, 7.0, 47.0, 6.0, 47.0, 8.0, 44.0, 7.0, 48.0, 5.0, 49.0, 5.0, 48.0, 8.0, 45.0, 8.0, 47.0, 8.0, 23.0, 4.0, 4.0, 21.0, 20.0, 32.0, 30.0, 43.0, 44.0, 6.0, 51.0, 6.0, 48.0, 4.0, 48.0, 5.0, 47.0, 5.0, 49.0, 7.0, 47.0, 5.0, 52.0, 6.0, 48.0, 10.0, 48.0, 11.0, 47.0, 11.0, 48.0, 11.0, 48.0, 10.0, 47.0, 10.0, 48.0, 9.0, 48.0, 12.0, 47.0, 11.0, 48.0, 12.0, 46.0, 12.0, 49.0, 8.0, 48.0, 12.0, 48.0, 8.0, 46.0, 10.0, 48.0, 11.0, 47.0, 12.0, 46.0, 12.0, 48.0, 12.0, 47.0, 8.0, 48.0, 11.0, 48.0, 9.0, 48.0, 11.0, 47.0, 10.0, 49.0, 10.0, 47.0, 10.0, 48.0, 10.0, 48.0, 8.0, 48.0, 7.0, 48.0, 8.0, 47.0, 6.0, 48.0, 6.0, 48.0, 7.0, 48.0, 5.0, 48.0, 5.0, 48.0, 5.0, 48.0, 5.0, 48.0, 5.0, 47.0, 5.0, 48.0, 5.0, 47.0, 7.0, 47.0, 6.0, 46.0, 6.0, 48.0, 4.0, 46.0, 5.0, 47.0, 3.0, 51.0, 51.0, 45.0, 4.0, 48.0, 4.0, 48.0, 4.0, 51.0, 7.0, 48.0, 7.0, 48.0, 7.0, 47.0, 8.0, 48.0, 6.0, 47.0, 9.0, 48.0, 6.0, 48.0, 9.0, 47.0, 6.0, 49.0, 6.0, 47.0, 9.0, 20.0, 4.0, 4.0, 22.0, 20.0, 34.0, 33.0, 43.0, 41.0, 55.0, 47.0, 5.0, 48.0, 54.0, 46.0, 54.0, 48.0, 7.0, 47.0, 6.0, 48.0, 6.0, 47.0, 6.0, 48.0, 7.0, 48.0, 4.0, 49.0, 5.0, 51.0, 6.0, 49.0, 9.0, 48.0, 7.0, 49.0, 8.0, 48.0, 8.0, 48.0, 5.0, 49.0, 6.0, 49.0, 7.0, 49.0, 8.0, 47.0, 9.0, 48.0, 7.0, 49.0, 5.0, 48.0, 9.0, 47.0, 8.0, 47.0, 6.0, 48.0, 8.0, 48.0, 6.0, 49.0, 7.0, 48.0, 5.0, 49.0, 5.0, 47.0, 5.0, 47.0, 7.0, 48.0, 5.0, 48.0, 7.0, 49.0, 5.0, 48.0, 5.0, 49.0, 6.0, 49.0, 6.0, 45.0, 4.0, 47.0, 6.0, 47.0, 4.0, 48.0, 5.0, 47.0, 6.0, 48.0, 5.0, 48.0, 5.0, 49.0, 7.0, 47.0, 7.0, 48.0, 8.0, 48.0, 7.0, 47.0, 6.0, 45.0, 4.0, 45.0, 3.0, 49.0, 53.0, 48.0, 4.0, 47.0, 4.0, 49.0, 53.0, 48.0, 5.0, 48.0, 4.0, 48.0, 5.0, 45.0, 6.0, 47.0, 4.0, 53.0, 10.0, 48.0, 11.0, 48.0, 9.0, 48.0, 10.0, 47.0, 9.0, 47.0, 7.0, 22.0, 5.0, 4.0, 19.0, 17.0, 32.0, 30.0, 45.0, 45.0, 54.0, 45.0, 8.0, 47.0, 5.0, 48.0, 5.0, 48.0, 6.0, 48.0, 4.0, 47.0, 6.0, 48.0, 55.0, 47.0, 7.0, 48.0, 4.0, 48.0, 5.0, 47.0, 7.0, 47.0, 6.0, 47.0, 6.0, 48.0, 7.0, 49.0, 7.0, 48.0, 6.0, 48.0, 5.0, 47.0, 5.0, 48.0, 7.0, 48.0, 4.0, 50.0, 8.0, 48.0, 9.0, 46.0, 5.0, 49.0, 6.0, 47.0, 9.0, 45.0, 7.0, 48.0, 7.0, 49.0, 6.0, 47.0, 8.0, 47.0, 6.0, 48.0, 7.0, 48.0, 4.0, 48.0, 4.0, 49.0, 5.0, 47.0, 7.0, 46.0, 5.0, 48.0, 8.0, 47.0, 6.0, 48.0, 8.0, 48.0, 4.0, 47.0, 7.0, 48.0, 6.0, 49.0, 5.0, 55.0, 12.0, 48.0, 8.0, 48.0, 12.0, 48.0, 11.0, 47.0, 11.0, 48.0, 10.0, 48.0, 11.0, 49.0, 12.0, 48.0, 10.0, 47.0, 12.0, 48.0, 9.0, 47.0, 11.0, 46.0, 8.0, 47.0, 8.0, 48.0, 9.0, 48.0, 9.0, 48.0, 9.0, 47.0, 10.0, 48.0, 8.0, 49.0, 8.0, 48.0, 8.0, 48.0, 6.0, 48.0, 8.0, 12.0, 4.0, 3.0, 53.0, 11.0, 10.0, 23.0, 16.0, 35.0, 14.0, 45.0, 14.0, 47.0, 15.0, 48.0, 16.0, 48.0, 16.0, 48.0, 16.0, 48.0, 13.0, 47.0, 14.0, 47.0, 15.0, 48.0, 13.0, 49.0, 14.0, 47.0, 13.0, 47.0, 13.0, 48.0, 13.0, 46.0, 10.0, 48.0, 12.0, 48.0, 9.0, 49.0, 10.0, 46.0, 9.0, 48.0, 11.0, 47.0, 10.0, 47.0, 10.0, 48.0, 9.0, 49.0, 10.0, 46.0, 12.0, 46.0, 12.0, 46.0, 12.0, 45.0, 10.0, 48.0, 10.0, 47.0, 10.0, 48.0, 10.0, 48.0, 9.0, 47.0, 8.0, 47.0, 8.0, 48.0, 10.0, 47.0, 10.0, 47.0, 10.0, 48.0, 7.0, 48.0, 9.0, 48.0, 7.0, 47.0, 5.0, 48.0, 9.0, 48.0, 7.0, 48.0, 7.0, 47.0, 6.0, 48.0, 6.0, 47.0, 6.0, 47.0, 7.0, 47.0, 7.0, 47.0, 4.0, 49.0, 5.0, 47.0, 5.0, 47.0, 4.0, 48.0, 3.0, 48.0, 50.0, 47.0, 50.0, 46.0, 52.0, 46.0, 53.0, 49.0, 52.0, 50.0, 52.0, 48.0, 4.0, 50.0, 54.0, 49.0, 5.0, 50.0, 5.0, 47.0, 6.0, 48.0, 7.0, 48.0, 8.0, 16.0, 4.0, 5.0, 25.0, 25.0, 33.0, 31.0, 48.0, 45.0, 6.0, 48.0, 6.0, 47.0, 6.0, 47.0, 6.0, 48.0, 6.0, 48.0, 5.0, 48.0, 55.0, 46.0, 6.0, 48.0, 56.0, 51.0, 5.0, 46.0, 8.0, 47.0, 6.0, 47.0, 6.0, 48.0, 8.0, 48.0, 10.0, 48.0, 8.0, 47.0, 7.0, 48.0, 8.0, 48.0, 9.0, 48.0, 7.0, 48.0, 9.0, 47.0, 7.0, 48.0, 10.0, 48.0, 6.0, 48.0, 7.0, 49.0, 6.0, 48.0, 8.0, 47.0, 8.0, 48.0, 6.0, 46.0, 6.0, 48.0, 55.0, 48.0, 5.0, 47.0, 6.0, 46.0, 6.0, 48.0, 5.0, 46.0, 5.0, 49.0, 55.0, 44.0, 48.0, 47.0, 52.0, 49.0, 52.0, 46.0, 6.0, 47.0, 56.0, 49.0, 55.0, 50.0, 55.0, 46.0, 7.0, 46.0, 4.0, 46.0, 5.0, 46.0, 8.0, 48.0, 8.0, 48.0, 6.0, 48.0, 8.0, 47.0, 8.0, 47.0, 6.0, 48.0, 6.0, 49.0, 6.0, 48.0, 8.0, 47.0, 9.0, 48.0, 7.0, 47.0, 7.0, 47.0, 8.0, 48.0, 9.0, 47.0, 8.0, 48.0, 10.0, 47.0, 7.0, 46.0, 7.0, 48.0, 7.0, 47.0, 7.0, 44.0, 3.0, 5.0, 31.0, 31.0], (1, -1): [7.0, 4.0, 3.0, 4.0, 3.0, 6.0, 3.0, 4.0, 7.0, 5.0, 5.0, 5.0, 6.0, 4.0, 7.0, 5.0, 4.0, 4.0, 4.0, 4.0, 8.0, 4.0, 4.0, 2.0, 6.0, 5.0, 3.0, 5.0, 5.0, 4.0, 4.0, 6.0, 5.0, 3.0, 3.0, 4.0, 3.0, 3.0, 6.0, 2.0, 4.0, 3.0, 5.0, 5.0, 3.0, 5.0, 2.0, 3.0, 5.0, 4.0, 2.0, 2.0, 3.0, 3.0, 4.0, 5.0, 2.0, 2.0, 4.0, 7.0, 13.0, 2.0, 6.0, 12.0, 3.0, 5.0, 3.0, 2.0, 2.0, 3.0, 3.0, 4.0, 4.0, 3.0, 12.0, 5.0, 3.0, 6.0, 7.0, 3.0, 6.0, 4.0, 5.0, 6.0, 4.0, 6.0, 5.0, 3.0, 58.0, 3.0, 5.0, 12.0, 3.0, 4.0, 5.0, 3.0, 5.0, 2.0, 3.0, 3.0, 7.0, 3.0, 5.0, 3.0, 3.0, 5.0, 3.0, 5.0, 4.0, 3.0, 5.0, 6.0, 3.0, 5.0, 3.0, 3.0, 4.0, 4.0, 4.0, 4.0, 3.0, 4.0, 5.0, 3.0, 3.0, 5.0, 4.0, 5.0, 5.0, 3.0, 3.0, 3.0, 4.0, 4.0, 2.0, 5.0, 4.0, 5.0, 4.0, 4.0, 2.0, 2.0, 3.0, 3.0, 3.0, 3.0, 4.0, 5.0, 4.0, 4.0, 3.0, 3.0, 5.0, 3.0, 4.0, 3.0, 5.0, 2.0, 2.0, 5.0, 4.0, 3.0, 5.0, 3.0, 3.0, 3.0, 2.0, 5.0, 4.0, 3.0, 3.0, 3.0, 4.0, 3.0, 3.0, 5.0, 3.0, 4.0, 3.0, 3.0, 4.0, 4.0, 3.0, 3.0, 4.0, 3.0, 9.0, 4.0, 7.0, 5.0, 5.0, 3.0, 3.0, 4.0, 5.0, 12.0, 3.0, 3.0, 4.0, 6.0, 3.0, 3.0, 3.0, 4.0, 3.0, 3.0, 2.0, 2.0, 4.0, 5.0, 4.0, 4.0, 2.0, 4.0, 5.0, 3.0, 3.0, 5.0, 4.0, 5.0, 3.0, 3.0, 3.0, 3.0, 4.0, 4.0, 3.0, 5.0, 4.0, 3.0, 4.0, 2.0, 3.0, 3.0, 4.0, 4.0, 5.0, 3.0, 4.0, 4.0, 5.0, 3.0, 4.0, 5.0, 2.0, 2.0, 3.0, 3.0, 4.0, 3.0, 3.0, 4.0, 4.0, 4.0, 2.0, 4.0, 3.0, 4.0, 4.0, 5.0, 6.0, 4.0, 3.0, 4.0, 4.0, 5.0, 4.0, 3.0, 4.0, 2.0, 4.0, 3.0, 4.0, 5.0, 3.0, 5.0, 5.0, 3.0, 5.0, 3.0, 3.0, 5.0, 6.0, 2.0, 4.0, 3.0, 4.0, 4.0, 5.0, 3.0, 4.0, 3.0, 4.0, 6.0, 5.0, 3.0, 7.0, 2.0, 3.0, 3.0, 6.0, 6.0, 4.0, 5.0, 6.0, 5.0, 3.0, 4.0, 6.0, 4.0, 4.0, 4.0, 3.0, 5.0, 6.0, 6.0, 6.0, 4.0, 6.0, 4.0, 3.0, 6.0, 4.0, 3.0, 5.0, 6.0, 5.0, 7.0, 2.0, 3.0, 8.0, 3.0, 6.0, 4.0, 5.0, 5.0, 6.0, 3.0, 3.0, 3.0, 3.0, 4.0, 3.0, 4.0, 4.0, 3.0, 4.0, 4.0, 3.0, 4.0, 3.0, 4.0, 5.0, 2.0, 4.0, 2.0, 3.0, 2.0, 4.0, 2.0, 5.0, 5.0, 2.0, 2.0, 4.0, 4.0, 5.0, 5.0, 3.0, 3.0, 6.0, 2.0, 2.0, 4.0, 2.0, 3.0, 3.0, 4.0, 3.0, 3.0, 4.0, 3.0, 2.0, 5.0, 2.0, 3.0, 3.0, 3.0, 2.0, 2.0, 4.0, 2.0, 3.0, 3.0, 3.0, 4.0, 4.0, 3.0, 3.0, 5.0, 4.0, 3.0, 6.0, 7.0, 4.0, 4.0, 6.0, 4.0, 6.0, 3.0, 3.0, 12.0, 6.0, 6.0, 5.0, 3.0, 3.0, 4.0, 8.0, 3.0, 5.0, 8.0, 3.0, 5.0, 7.0, 2.0, 3.0, 5.0, 2.0, 3.0, 4.0, 5.0, 6.0, 2.0, 2.0, 4.0, 6.0, 3.0, 3.0, 4.0, 4.0, 4.0, 2.0, 5.0, 2.0, 3.0, 4.0, 3.0, 3.0, 3.0, 2.0, 3.0, 3.0, 4.0, 3.0, 3.0, 2.0, 4.0, 3.0, 3.0, 5.0, 3.0, 3.0, 2.0, 4.0, 3.0, 4.0, 4.0, 3.0, 4.0, 3.0, 3.0, 3.0, 4.0, 3.0, 3.0, 3.0, 3.0, 3.0, 3.0, 3.0, 3.0, 2.0, 2.0, 3.0, 3.0, 3.0, 2.0, 3.0, 2.0, 3.0, 4.0, 4.0, 3.0, 4.0, 4.0, 3.0, 6.0, 3.0, 3.0, 2.0, 4.0, 2.0, 4.0, 4.0, 3.0, 2.0, 3.0, 4.0, 3.0, 3.0, 4.0, 4.0, 3.0, 4.0, 4.0, 5.0, 5.0, 7.0, 3.0, 4.0, 3.0, 5.0, 3.0, 2.0, 2.0, 3.0, 3.0, 4.0, 2.0, 4.0, 2.0, 3.0, 2.0, 3.0, 4.0, 2.0, 2.0, 2.0, 5.0, 4.0, 2.0, 2.0, 2.0, 3.0, 3.0, 4.0, 5.0, 4.0, 2.0, 2.0, 4.0, 2.0, 2.0, 5.0, 4.0, 4.0, 3.0, 4.0, 3.0, 3.0, 4.0, 4.0, 3.0, 3.0, 5.0, 5.0, 6.0, 2.0, 5.0, 3.0, 3.0, 4.0, 3.0, 4.0, 5.0, 3.0, 3.0, 3.0, 3.0, 3.0, 3.0, 4.0, 3.0, 3.0, 7.0, 5.0, 3.0, 6.0, 6.0, 2.0, 3.0, 3.0, 4.0, 3.0, 3.0, 2.0, 3.0, 3.0, 3.0, 4.0, 3.0, 4.0, 3.0, 2.0, 3.0, 4.0, 3.0, 3.0, 2.0, 4.0, 3.0, 4.0, 5.0, 3.0, 3.0, 4.0, 4.0, 3.0, 3.0, 3.0, 3.0, 4.0, 4.0, 4.0, 4.0, 3.0, 3.0, 5.0, 2.0, 3.0, 4.0, 2.0, 3.0, 3.0, 4.0, 2.0, 2.0, 2.0, 2.0, 4.0, 3.0, 3.0, 4.0, 2.0, 2.0, 4.0, 3.0, 3.0, 3.0, 2.0, 3.0, 3.0, 2.0, 2.0, 3.0, 7.0, 3.0, 3.0, 3.0, 3.0, 3.0, 4.0, 2.0, 3.0, 3.0, 3.0, 2.0, 2.0, 3.0, 4.0, 3.0, 5.0, 2.0, 2.0, 3.0, 4.0, 3.0, 4.0, 3.0, 3.0, 3.0, 4.0, 4.0, 3.0, 6.0, 3.0, 3.0, 2.0, 3.0, 3.0, 4.0, 3.0, 3.0, 5.0, 3.0, 3.0, 2.0, 3.0, 3.0, 2.0, 3.0, 3.0, 3.0, 3.0, 4.0, 3.0, 3.0, 3.0, 3.0, 4.0, 3.0, 3.0, 4.0, 4.0, 6.0, 3.0, 3.0, 3.0, 2.0, 3.0, 3.0, 5.0, 3.0, 3.0, 3.0, 5.0, 3.0, 8.0, 3.0, 3.0, 3.0, 3.0, 2.0, 3.0, 3.0, 5.0, 3.0, 2.0, 4.0, 5.0, 3.0, 4.0, 4.0, 3.0, 3.0, 4.0, 3.0, 3.0, 3.0, 4.0, 3.0, 3.0, 2.0, 2.0, 3.0, 3.0, 3.0, 5.0, 3.0, 4.0, 4.0, 4.0, 4.0, 5.0, 3.0, 6.0, 5.0, 5.0, 6.0, 4.0, 3.0, 3.0, 4.0, 4.0, 4.0, 5.0, 3.0, 2.0, 4.0, 4.0, 3.0, 3.0, 3.0, 3.0, 3.0, 4.0, 4.0, 3.0, 3.0, 5.0, 3.0, 2.0, 4.0, 3.0, 4.0, 4.0, 3.0, 3.0], (-1, 0): [4.0, 53.0, 17.0, 9.0, 29.0, 10.0, 37.0, 10.0, 47.0, 8.0, 45.0, 7.0, 46.0, 9.0, 46.0, 9.0, 47.0, 6.0, 49.0, 5.0, 47.0, 5.0, 51.0, 8.0, 48.0, 8.0, 48.0, 9.0, 50.0, 6.0, 48.0, 7.0, 47.0, 9.0, 46.0, 8.0, 48.0, 8.0, 48.0, 7.0, 48.0, 58.0, 49.0, 11.0, 46.0, 9.0, 48.0, 14.0, 47.0, 9.0, 47.0, 10.0, 48.0, 11.0, 47.0, 10.0, 47.0, 8.0, 48.0, 8.0, 48.0, 6.0, 48.0, 4.0, 48.0, 7.0, 47.0, 9.0, 47.0, 9.0, 48.0, 7.0, 47.0, 9.0, 46.0, 8.0, 48.0, 6.0, 49.0, 9.0, 48.0, 8.0, 47.0, 9.0, 47.0, 7.0, 46.0, 6.0, 48.0, 7.0, 47.0, 5.0, 48.0, 8.0, 48.0, 7.0, 48.0, 53.0, 49.0, 52.0, 47.0, 3.0, 48.0, 4.0, 48.0, 5.0, 45.0, 4.0, 48.0, 55.0, 48.0, 54.0, 47.0, 9.0, 47.0, 12.0, 45.0, 11.0, 43.0, 7.0, 47.0, 53.0, 42.0, 12.0, 47.0, 10.0, 48.0, 3.0, 47.0, 11.0, 48.0, 8.0, 48.0, 8.0, 48.0, 9.0, 48.0, 9.0, 46.0, 9.0, 47.0, 9.0, 49.0, 13.0, 48.0, 15.0, 17.0, 4.0, 2.0, 13.0, 7.0, 26.0, 25.0, 38.0, 37.0, 46.0, 46.0, 46.0, 43.0, 51.0, 46.0, 47.0, 41.0, 49.0, 45.0, 48.0, 45.0, 47.0, 44.0, 49.0, 45.0, 46.0, 43.0, 47.0, 43.0, 48.0, 46.0, 47.0, 48.0, 44.0, 48.0, 48.0, 47.0, 47.0, 43.0, 41.0, 50.0, 47.0, 52.0, 49.0, 51.0, 46.0, 2.0, 48.0, 51.0, 44.0, 53.0, 46.0, 52.0, 47.0, 58.0, 52.0, 54.0, 46.0, 7.0, 45.0, 6.0, 48.0, 6.0, 48.0, 6.0, 49.0, 4.0, 47.0, 7.0, 48.0, 4.0, 48.0, 6.0, 47.0, 7.0, 49.0, 8.0, 48.0, 6.0, 48.0, 10.0, 43.0, 7.0, 47.0, 9.0, 48.0, 9.0, 47.0, 8.0, 47.0, 6.0, 47.0, 5.0, 48.0, 4.0, 48.0, 7.0, 47.0, 6.0, 47.0, 5.0, 47.0, 6.0, 48.0, 5.0, 47.0, 3.0, 47.0, 3.0, 49.0, 55.0, 47.0, 52.0, 48.0, 3.0, 50.0, 4.0, 49.0, 6.0, 49.0, 5.0, 48.0, 6.0, 48.0, 8.0, 47.0, 5.0, 48.0, 4.0, 49.0, 4.0, 48.0, 5.0, 49.0, 7.0, 47.0, 9.0, 48.0, 10.0, 48.0, 10.0, 47.0, 10.0, 48.0, 10.0, 48.0, 10.0, 19.0, 3.0, 3.0, 19.0, 18.0, 31.0, 30.0, 43.0, 41.0, 52.0, 46.0, 5.0, 49.0, 52.0, 48.0, 4.0, 50.0, 5.0, 47.0, 7.0, 49.0, 5.0, 47.0, 7.0, 47.0, 8.0, 48.0, 5.0, 47.0, 4.0, 48.0, 6.0, 47.0, 4.0, 47.0, 5.0, 46.0, 6.0, 48.0, 7.0, 48.0, 8.0, 47.0, 6.0, 46.0, 6.0, 47.0, 8.0, 45.0, 9.0, 47.0, 8.0, 47.0, 8.0, 47.0, 8.0, 48.0, 7.0, 48.0, 6.0, 48.0, 7.0, 48.0, 6.0, 48.0, 7.0, 48.0, 7.0, 48.0, 6.0, 48.0, 8.0, 48.0, 9.0, 48.0, 9.0, 48.0, 7.0, 47.0, 9.0, 51.0, 6.0, 46.0, 11.0, 48.0, 9.0, 36.0, 9.0, 48.0, 9.0, 48.0, 11.0, 47.0, 10.0, 46.0, 10.0, 48.0, 8.0, 47.0, 51.0, 43.0, 10.0, 48.0, 10.0, 48.0, 8.0, 47.0, 6.0, 48.0, 10.0, 48.0, 9.0, 48.0, 10.0, 48.0, 9.0, 47.0, 10.0, 48.0, 10.0, 48.0, 9.0, 48.0, 9.0, 48.0, 8.0, 48.0, 6.0, 47.0, 7.0, 48.0, 7.0, 48.0, 8.0, 48.0, 5.0, 48.0, 5.0, 48.0, 7.0, 46.0, 8.0, 47.0, 7.0, 48.0, 7.0, 47.0, 6.0, 4.0, 2.0, 52.0, 14.0, 48.0, 22.0, 48.0, 22.0, 45.0, 22.0, 48.0, 20.0, 47.0, 21.0, 46.0, 20.0, 46.0, 20.0, 48.0, 22.0, 48.0, 21.0, 47.0, 22.0, 46.0, 23.0, 47.0, 24.0, 49.0, 22.0, 47.0, 22.0, 45.0, 20.0, 48.0, 23.0, 48.0, 21.0, 48.0, 20.0, 48.0, 19.0, 49.0, 21.0, 46.0, 20.0, 48.0, 19.0, 48.0, 20.0, 48.0, 21.0, 48.0, 20.0, 49.0, 20.0, 47.0, 19.0, 45.0, 20.0, 48.0, 20.0, 47.0, 19.0, 48.0, 18.0, 46.0, 17.0, 48.0, 18.0, 48.0, 19.0, 46.0, 20.0, 48.0, 18.0, 46.0, 16.0, 48.0, 17.0, 47.0, 15.0, 47.0, 16.0, 47.0, 17.0, 46.0, 16.0, 48.0, 15.0, 47.0, 13.0, 47.0, 13.0, 48.0, 15.0, 47.0, 14.0, 48.0, 15.0, 46.0, 12.0, 48.0, 13.0, 48.0, 13.0, 47.0, 11.0, 48.0, 12.0, 48.0, 9.0, 48.0, 10.0, 47.0, 10.0, 48.0, 8.0, 48.0, 9.0, 47.0, 9.0, 48.0, 6.0, 49.0, 4.0, 48.0, 9.0, 47.0, 7.0, 47.0, 8.0, 47.0, 5.0, 48.0, 5.0, 48.0, 4.0, 48.0, 6.0, 47.0, 6.0, 48.0, 6.0, 48.0, 8.0, 2.0, 4.0, 54.0, 17.0, 46.0, 28.0, 51.0, 39.0, 46.0, 42.0, 48.0, 46.0, 48.0, 45.0, 49.0, 49.0, 47.0, 44.0, 48.0, 46.0, 49.0, 47.0, 47.0, 44.0, 47.0, 46.0, 47.0, 45.0, 49.0, 45.0, 49.0, 46.0, 47.0, 42.0, 49.0, 47.0, 48.0, 46.0, 48.0, 44.0, 49.0, 49.0, 48.0, 46.0, 48.0, 45.0, 47.0, 44.0, 47.0, 25.0, 48.0, 46.0, 47.0, 47.0, 49.0, 47.0, 49.0, 46.0, 46.0, 43.0, 48.0, 45.0, 50.0, 48.0, 48.0, 46.0, 46.0, 45.0, 47.0, 45.0, 45.0, 42.0, 48.0, 46.0, 51.0, 49.0, 45.0, 43.0, 49.0, 48.0, 46.0, 45.0, 49.0, 49.0, 47.0, 43.0, 49.0, 47.0, 47.0, 46.0, 50.0, 47.0, 51.0, 47.0, 52.0, 48.0, 52.0, 48.0, 51.0, 45.0, 52.0, 48.0, 52.0, 48.0, 52.0, 47.0, 53.0, 47.0, 54.0, 46.0, 54.0, 44.0, 6.0, 48.0, 5.0, 47.0, 6.0, 48.0, 5.0, 47.0, 6.0, 48.0, 8.0, 47.0, 6.0, 47.0, 7.0, 47.0, 7.0, 45.0, 8.0, 45.0, 6.0, 47.0, 7.0, 48.0, 3.0, 48.0, 3.0, 48.0, 5.0, 46.0, 4.0, 50.0, 5.0, 47.0, 5.0, 4.0, 49.0, 47.0, 10.0, 49.0, 25.0, 46.0, 36.0, 46.0, 37.0, 46.0, 39.0, 46.0, 39.0, 47.0, 39.0, 47.0, 39.0, 47.0, 38.0, 48.0, 40.0, 47.0, 39.0, 48.0, 40.0, 46.0, 41.0, 48.0, 40.0, 48.0, 40.0, 46.0, 41.0, 46.0, 37.0, 48.0, 39.0, 46.0, 40.0, 47.0, 40.0, 49.0, 40.0, 46.0, 40.0, 47.0, 40.0, 48.0, 38.0, 46.0, 40.0, 48.0, 40.0, 46.0, 40.0, 49.0, 42.0, 46.0, 41.0, 46.0, 43.0, 48.0, 43.0, 48.0, 44.0, 50.0, 44.0, 48.0, 45.0, 48.0, 47.0, 45.0, 43.0, 46.0, 42.0, 47.0, 46.0, 49.0, 47.0, 45.0, 43.0, 48.0, 47.0, 45.0, 42.0, 47.0, 48.0, 47.0, 46.0, 44.0, 39.0, 46.0, 44.0, 46.0, 43.0, 46.0, 45.0, 47.0, 46.0, 49.0, 48.0, 46.0, 46.0, 45.0, 39.0, 49.0, 45.0, 47.0, 42.0, 46.0, 38.0, 49.0, 43.0, 47.0, 40.0, 46.0, 39.0, 47.0, 41.0, 46.0, 42.0, 47.0, 36.0, 48.0, 39.0, 47.0, 40.0, 48.0, 37.0, 46.0, 36.0, 49.0, 34.0, 48.0, 39.0, 47.0, 41.0, 46.0, 38.0, 48.0, 34.0, 48.0, 36.0, 16.0, 4.0, 5.0, 47.0, 15.0, 13.0, 26.0, 24.0, 36.0, 36.0, 51.0, 41.0, 47.0, 40.0, 46.0, 41.0, 47.0, 39.0, 47.0, 39.0, 47.0, 38.0, 46.0, 39.0, 44.0, 36.0, 48.0, 36.0, 49.0, 34.0, 48.0, 34.0, 47.0, 35.0, 47.0, 34.0, 47.0, 36.0, 46.0, 34.0, 48.0, 34.0, 48.0, 34.0, 48.0, 31.0, 48.0, 35.0, 44.0, 34.0, 48.0, 35.0, 45.0, 33.0, 47.0, 35.0, 47.0, 33.0, 48.0, 32.0, 48.0, 34.0, 48.0, 35.0, 45.0, 36.0, 48.0, 36.0, 46.0, 36.0, 48.0, 35.0, 48.0, 37.0, 47.0, 35.0, 48.0, 36.0, 48.0, 37.0, 47.0, 37.0, 47.0, 37.0, 47.0, 37.0, 46.0, 39.0, 47.0, 39.0, 48.0, 40.0, 46.0, 40.0, 47.0, 40.0, 48.0, 40.0, 48.0, 40.0, 48.0, 40.0, 48.0, 40.0, 48.0, 39.0, 48.0, 38.0, 47.0, 38.0, 48.0, 41.0, 47.0, 39.0, 47.0, 41.0, 47.0, 44.0, 45.0, 38.0, 48.0, 41.0, 48.0, 41.0, 48.0, 41.0, 47.0, 38.0, 48.0, 39.0, 47.0, 36.0, 47.0, 37.0, 46.0, 37.0, 48.0, 37.0, 45.0, 37.0, 48.0, 37.0, 46.0, 39.0, 46.0, 37.0, 17.0, 4.0, 7.0, 50.0, 17.0, 14.0, 29.0, 28.0, 37.0, 35.0, 48.0, 40.0, 48.0, 41.0, 46.0, 39.0, 46.0, 41.0, 49.0, 39.0, 47.0, 40.0, 47.0, 38.0, 47.0, 39.0, 49.0, 39.0, 46.0, 41.0, 47.0, 41.0, 46.0, 38.0, 48.0, 37.0, 47.0, 38.0, 47.0, 37.0, 47.0, 38.0, 44.0, 38.0, 46.0, 39.0, 46.0, 38.0, 48.0, 36.0, 49.0, 38.0, 47.0, 39.0, 46.0, 38.0, 48.0, 36.0, 47.0, 36.0, 45.0, 37.0, 48.0, 37.0, 46.0, 39.0, 48.0, 39.0, 46.0, 40.0, 47.0, 39.0, 46.0, 38.0, 48.0, 38.0, 45.0, 39.0, 48.0, 40.0, 46.0, 39.0, 46.0, 40.0, 48.0, 40.0, 48.0, 37.0, 46.0, 39.0, 47.0, 39.0, 46.0, 40.0, 47.0, 38.0, 48.0, 40.0, 48.0, 40.0, 46.0, 40.0, 46.0, 37.0, 46.0, 38.0, 49.0, 38.0, 47.0, 37.0, 47.0, 36.0, 49.0, 40.0, 48.0, 44.0, 47.0, 41.0, 47.0, 40.0, 48.0, 42.0, 46.0, 40.0, 48.0, 41.0, 46.0, 41.0, 47.0, 38.0, 48.0, 40.0, 46.0, 40.0, 47.0, 35.0, 48.0, 36.0, 46.0, 36.0, 48.0, 36.0, 47.0, 35.0, 12.0, 2.0, 6.0, 48.0, 12.0, 9.0, 26.0, 24.0, 37.0, 37.0, 46.0, 37.0, 49.0, 38.0, 47.0, 40.0, 46.0, 40.0, 48.0, 39.0, 46.0, 39.0, 47.0, 39.0, 46.0, 38.0, 49.0, 41.0, 47.0, 40.0, 46.0, 38.0, 48.0, 38.0, 47.0, 39.0, 47.0, 38.0, 47.0, 37.0, 47.0, 38.0, 47.0, 38.0, 47.0, 39.0, 46.0, 39.0, 49.0, 39.0, 46.0, 40.0, 47.0, 38.0, 49.0, 38.0, 47.0, 40.0, 46.0, 37.0, 48.0, 35.0, 47.0, 39.0, 48.0, 40.0, 47.0, 37.0, 48.0, 38.0, 47.0, 39.0, 49.0, 40.0, 46.0, 40.0, 47.0, 41.0, 47.0, 38.0, 48.0, 38.0, 47.0, 39.0, 49.0, 38.0, 46.0, 39.0, 48.0, 39.0, 45.0, 37.0, 48.0, 40.0, 46.0, 40.0, 46.0, 39.0, 47.0, 34.0, 43.0, 34.0, 48.0, 35.0, 47.0, 34.0, 48.0, 34.0, 46.0, 34.0, 48.0, 35.0, 48.0, 34.0, 46.0, 33.0, 47.0, 35.0, 47.0, 35.0, 49.0, 35.0, 47.0, 36.0, 47.0, 37.0, 48.0, 36.0, 46.0, 36.0, 46.0, 35.0, 48.0, 36.0, 47.0, 38.0, 46.0, 37.0, 48.0, 37.0, 46.0, 38.0, 13.0, 5.0, 5.0, 32.0, 31.0, 40.0, 40.0, 55.0, 47.0, 16.0, 46.0, 27.0, 47.0, 29.0, 47.0, 30.0, 48.0, 29.0, 48.0, 30.0, 48.0, 30.0, 46.0, 29.0, 46.0, 29.0, 48.0, 31.0, 47.0, 32.0, 47.0, 31.0, 46.0, 31.0, 48.0, 32.0, 48.0, 31.0, 46.0, 33.0, 48.0, 35.0, 46.0, 36.0, 48.0, 34.0, 48.0, 36.0, 49.0, 35.0, 46.0, 36.0, 47.0, 36.0, 46.0, 35.0, 46.0, 32.0, 48.0, 33.0, 48.0, 32.0, 48.0, 32.0, 47.0, 34.0, 47.0, 34.0, 46.0, 35.0, 48.0, 35.0, 48.0, 35.0, 46.0, 35.0, 46.0, 36.0, 48.0, 36.0, 47.0, 34.0, 47.0, 36.0, 46.0, 36.0, 48.0, 37.0, 45.0, 36.0, 44.0, 37.0, 49.0, 37.0, 46.0, 38.0, 47.0, 38.0, 46.0, 39.0, 46.0, 39.0, 47.0, 37.0, 48.0, 38.0, 48.0, 39.0, 46.0, 41.0, 46.0, 40.0, 47.0, 41.0, 48.0, 42.0, 48.0, 45.0, 46.0, 44.0, 46.0, 43.0, 48.0, 42.0, 48.0, 44.0, 46.0, 43.0, 46.0, 41.0, 48.0, 43.0, 47.0, 41.0, 48.0, 40.0, 45.0, 37.0, 46.0, 38.0, 46.0, 39.0, 13.0, 3.0, 5.0, 47.0, 16.0, 17.0, 24.0, 22.0, 38.0, 35.0, 47.0, 39.0, 47.0, 38.0, 47.0, 38.0, 48.0, 39.0, 48.0, 39.0, 47.0, 40.0, 46.0, 37.0, 48.0, 40.0, 46.0, 42.0, 46.0, 37.0, 49.0, 37.0, 46.0, 37.0, 46.0, 37.0, 47.0, 36.0, 48.0, 37.0, 47.0, 36.0, 46.0, 36.0, 46.0, 37.0, 48.0, 38.0, 46.0, 38.0, 48.0, 36.0, 45.0, 37.0, 49.0, 37.0, 46.0, 38.0, 48.0, 40.0, 46.0, 38.0, 48.0, 37.0, 48.0, 39.0, 47.0, 36.0, 48.0, 39.0, 46.0, 39.0, 46.0, 38.0, 47.0, 38.0, 48.0, 39.0, 47.0, 38.0, 47.0, 39.0, 51.0, 40.0, 44.0, 43.0, 46.0, 43.0, 46.0, 39.0, 49.0, 40.0, 47.0, 42.0, 47.0, 42.0, 46.0, 38.0, 49.0, 39.0, 46.0, 38.0, 46.0, 38.0, 48.0, 38.0, 48.0, 39.0, 46.0, 38.0, 46.0, 36.0, 48.0, 38.0, 47.0, 40.0, 47.0, 40.0, 46.0, 38.0, 48.0, 37.0, 48.0, 37.0, 47.0, 37.0, 47.0, 37.0, 48.0, 38.0, 49.0, 36.0, 46.0, 36.0, 49.0, 38.0, 46.0, 36.0, 47.0, 37.0, 46.0, 37.0, 46.0, 37.0, 10.0, 4.0, 3.0, 53.0]}
	pre-experiment: 0
	post-clients-create: 1463568
	post-experiment: -31241088

