---experiment_3, ot---
	Total simulation duration: 7444.0
	Total insert events: 250
	Total delete events: 10
	Total packets: 1336
	Total size of packets sent: 110743
	Average packet payload size: 82.8914670659
	Total size of packets sent, if there were no meta-information: 40732
	Average packet payload size without meta-information: 30.4880239521
	Expected number of packets sent - give optimal client-server network with everyone joining at start: 1570
	Latency/wait time per client when requesting CRDT: [26.0, 27.0, 57.0, 34.0, 54.0, 0]
	From whom each client request CRDT: [-1, -1, -1, -1, -1, -1]
	Length of stringified document/crdt during state replay, on average: 0
	latencies: {(-1, 1): [25.0, 23.0, 12.0, 57.0, 58.0, 13.0, 10.0, 64.0, 66.0, 61.0, 24.0, 22.0, 20.0, 19.0, 43.0, 21.0, 16.0, 15.0, 14.0, 48.0, 17.0, 15.0, 14.0, 12.0, 52.0, 12.0, 10.0, 61.0, 61.0, 53.0, 59.0, 58.0, 57.0, 55.0, 50.0, 16.0, 13.0, 64.0, 60.0, 44.0, 56.0, 55.0, 55.0, 55.0, 54.0, 55.0, 52.0, 53.0, 53.0, 50.0, 47.0, 48.0, 46.0, 43.0, 35.0, 54.0, 55.0, 54.0, 83.0, 83.0, 57.0, 43.0, 39.0, 38.0, 37.0, 20.0, 81.0, 82.0, 77.0, 75.0, 45.0, 73.0, 71.0, 71.0, 72.0, 58.0, 77.0, 79.0, 59.0, 44.0, 35.0, 93.0, 92.0, 92.0, 51.0, 95.0, 85.0, 75.0, 74.0, 59.0, 49.0, 96.0, 94.0, 119.0, 107.0, 108.0, 102.0, 103.0, 61.0, 80.0, 47.0, 39.0, 116.0, 118.0, 81.0, 41.0, 43.0, 38.0, 41.0, 36.0, 38.0, 40.0, 56.0, 60.0, 59.0, 87.0, 69.0, 70.0, 69.0, 147.0, 111.0, 110.0, 71.0, 133.0, 121.0, 91.0, 92.0, 128.0, 99.0, 101.0, 103.0, 61.0, 146.0, 141.0, 143.0, 183.0, 168.0, 154.0, 157.0, 143.0, 127.0, 103.0, 60.0, 47.0, 48.0, 51.0, 53.0, 48.0, 139.0, 140.0, 72.0, 155.0, 157.0, 144.0, 146.0, 100.0, 72.0, 64.0, 45.0, 41.0, 178.0, 172.0, 148.0, 119.0, 117.0, 182.0, 141.0, 76.0, 79.0, 188.0, 155.0, 142.0, 207.0, 135.0, 118.0, 97.0, 100.0, 37.0, 140.0, 140.0, 142.0, 120.0, 122.0, 203.0, 205.0, 131.0, 134.0, 99.0, 204.0, 189.0, 249.0, 253.0, 145.0, 146.0, 116.0, 76.0, 169.0, 167.0, 166.0, 164.0, 167.0, 199.0, 82.0, 86.0, 232.0, 182.0, 136.0, 76.0, 79.0, 103.0, 106.0, 211.0, 193.0, 196.0, 185.0, 161.0, 138.0, 145.0, 80.0, 79.0, 33.0], (-1, 2): [60.0, 58.0, 46.0, 35.0, 34.0, 40.0, 36.0, 36.0, 35.0, 31.0, 45.0, 43.0, 40.0, 38.0, 12.0, 44.0, 39.0, 38.0, 36.0, 21.0, 48.0, 46.0, 45.0, 42.0, 26.0, 48.0, 45.0, 42.0, 40.0, 32.0, 41.0, 38.0, 38.0, 35.0, 29.0, 53.0, 52.0, 51.0, 46.0, 30.0, 36.0, 35.0, 34.0, 32.0, 31.0, 33.0, 30.0, 30.0, 28.0, 24.0, 26.0, 27.0, 23.0, 20.0, 86.0, 47.0, 44.0, 45.0, 70.0, 68.0, 42.0, 30.0, 25.0, 88.0, 84.0, 81.0, 71.0, 72.0, 70.0, 68.0, 36.0, 55.0, 53.0, 52.0, 51.0, 39.0, 64.0, 62.0, 42.0, 24.0, 98.0, 83.0, 80.0, 78.0, 117.0, 78.0, 67.0, 55.0, 52.0, 40.0, 116.0, 88.0, 86.0, 102.0, 93.0, 94.0, 87.0, 87.0, 46.0, 91.0, 57.0, 49.0, 130.0, 129.0, 95.0, 55.0, 57.0, 56.0, 56.0, 54.0, 52.0, 54.0, 71.0, 74.0, 74.0, 128.0, 106.0, 108.0, 110.0, 80.0, 141.0, 142.0, 106.0, 71.0, 152.0, 119.0, 121.0, 69.0, 131.0, 133.0, 136.0, 98.0, 77.0, 154.0, 161.0, 73.0, 188.0, 169.0, 172.0, 157.0, 157.0, 132.0, 89.0, 81.0, 77.0, 80.0, 83.0, 80.0, 81.0, 77.0, 78.0, 65.0, 66.0, 155.0, 152.0, 126.0, 102.0, 94.0, 76.0, 77.0, 67.0, 213.0, 190.0, 163.0, 167.0, 231.0, 190.0, 126.0, 128.0, 115.0, 172.0, 163.0, 114.0, 186.0, 161.0, 142.0, 144.0, 74.0, 48.0, 43.0, 46.0, 166.0, 172.0, 138.0, 131.0, 196.0, 201.0, 172.0, 127.0, 236.0, 163.0, 167.0, 166.0, 162.0, 139.0, 121.0, 64.0, 67.0, 224.0, 222.0, 225.0, 180.0, 95.0, 98.0, 262.0, 209.0, 170.0, 103.0, 106.0, 119.0, 115.0, 82.0, 202.0, 205.0, 114.0, 195.0, 169.0, 174.0, 111.0, 115.0, 42.0], (-1, 0): [32.0, 30.0, 18.0, 8.0, 65.0, 20.0, 17.0, 15.0, 15.0, 10.0, 29.0, 26.0, 25.0, 23.0, 48.0, 28.0, 22.0, 21.0, 19.0, 56.0, 25.0, 24.0, 23.0, 22.0, 62.0, 23.0, 20.0, 17.0, 16.0, 62.0, 19.0, 15.0, 14.0, 12.0, 63.0, 29.0, 26.0, 26.0, 22.0, 59.0, 12.0, 9.0, 9.0, 64.0, 64.0, 71.0, 66.0, 67.0, 67.0, 65.0, 61.0, 62.0, 62.0, 59.0, 53.0, 75.0, 74.0, 74.0, 39.0, 36.0, 78.0, 68.0, 62.0, 61.0, 60.0, 40.0, 28.0, 30.0, 28.0, 26.0, 52.0, 86.0, 83.0, 82.0, 82.0, 70.0, 93.0, 92.0, 71.0, 55.0, 49.0, 109.0, 103.0, 105.0, 64.0, 113.0, 102.0, 91.0, 90.0, 77.0, 65.0, 109.0, 106.0, 43.0, 32.0, 31.0, 112.0, 115.0, 73.0, 116.0, 84.0, 76.0, 53.0, 55.0, 107.0, 67.0, 68.0, 71.0, 68.0, 66.0, 67.0, 70.0, 84.0, 82.0, 86.0, 145.0, 123.0, 126.0, 128.0, 102.0, 159.0, 160.0, 124.0, 89.0, 70.0, 132.0, 133.0, 82.0, 153.0, 156.0, 159.0, 120.0, 95.0, 84.0, 85.0, 98.0, 87.0, 71.0, 74.0, 163.0, 65.0, 157.0, 114.0, 106.0, 106.0, 110.0, 108.0, 91.0, 91.0, 92.0, 119.0, 102.0, 103.0, 95.0, 97.0, 71.0, 152.0, 144.0, 126.0, 127.0, 122.0, 110.0, 206.0, 180.0, 183.0, 137.0, 209.0, 145.0, 147.0, 134.0, 97.0, 208.0, 158.0, 94.0, 181.0, 156.0, 160.0, 93.0, 65.0, 65.0, 62.0, 187.0, 190.0, 155.0, 154.0, 222.0, 225.0, 196.0, 152.0, 135.0, 178.0, 180.0, 187.0, 195.0, 158.0, 140.0, 83.0, 86.0, 84.0, 75.0, 78.0, 180.0, 180.0, 177.0, 190.0, 137.0, 97.0, 197.0, 201.0, 94.0, 95.0, 189.0, 172.0, 176.0, 161.0, 138.0, 105.0, 110.0, 159.0, 164.0, 84.0], (-1, 3): [41.0, 39.0, 28.0, 17.0, 17.0, 25.0, 22.0, 22.0, 20.0, 16.0, 35.0, 32.0, 30.0, 27.0, 56.0, 35.0, 30.0, 29.0, 27.0, 13.0, 33.0, 32.0, 30.0, 28.0, 12.0, 33.0, 29.0, 25.0, 25.0, 17.0, 26.0, 24.0, 22.0, 21.0, 16.0, 37.0, 35.0, 33.0, 30.0, 13.0, 20.0, 19.0, 17.0, 16.0, 15.0, 13.0, 10.0, 8.0, 73.0, 71.0, 77.0, 75.0, 74.0, 71.0, 65.0, 26.0, 24.0, 24.0, 42.0, 40.0, 90.0, 78.0, 73.0, 70.0, 68.0, 54.0, 45.0, 45.0, 42.0, 41.0, 75.0, 33.0, 28.0, 29.0, 29.0, 90.0, 47.0, 43.0, 96.0, 83.0, 76.0, 58.0, 55.0, 56.0, 88.0, 49.0, 36.0, 117.0, 117.0, 106.0, 96.0, 64.0, 61.0, 68.0, 62.0, 62.0, 55.0, 57.0, 99.0, 74.0, 96.0, 88.0, 65.0, 67.0, 114.0, 71.0, 73.0, 88.0, 90.0, 88.0, 89.0, 89.0, 95.0, 97.0, 98.0, 49.0, 141.0, 142.0, 144.0, 118.0, 176.0, 176.0, 139.0, 101.0, 86.0, 144.0, 147.0, 95.0, 61.0, 59.0, 61.0, 135.0, 116.0, 104.0, 102.0, 117.0, 106.0, 91.0, 89.0, 75.0, 75.0, 48.0, 139.0, 134.0, 135.0, 134.0, 137.0, 102.0, 103.0, 104.0, 139.0, 117.0, 118.0, 110.0, 111.0, 74.0, 46.0, 166.0, 148.0, 150.0, 145.0, 138.0, 109.0, 195.0, 199.0, 153.0, 110.0, 162.0, 165.0, 151.0, 115.0, 100.0, 172.0, 107.0, 196.0, 174.0, 171.0, 115.0, 89.0, 90.0, 92.0, 66.0, 68.0, 161.0, 160.0, 248.0, 251.0, 222.0, 172.0, 156.0, 194.0, 195.0, 96.0, 98.0, 189.0, 175.0, 117.0, 120.0, 119.0, 116.0, 113.0, 188.0, 136.0, 147.0, 144.0, 91.0, 188.0, 135.0, 131.0, 136.0, 144.0, 111.0, 86.0, 89.0, 117.0, 95.0, 191.0, 189.0, 126.0, 131.0, 52.0], (2, -1): [6.0, 3.0, 6.0, 13.0, 8.0, 11.0, 10.0, 8.0, 13.0, 19.0, 20.0, 14.0, 25.0, 13.0, 21.0, 37.0, 10.0, 35.0, 14.0, 4.0, 61.0, 51.0, 28.0, 7.0, 66.0, 53.0, 50.0, 42.0, 46.0, 34.0, 41.0, 10.0, 24.0, 75.0, 52.0, 30.0, 38.0, 90.0, 70.0, 4.0, 55.0, 15.0, 53.0, 24.0], (3, -1): [10.0, 8.0, 9.0, 11.0, 6.0, 8.0, 7.0, 7.0, 11.0, 18.0, 18.0, 31.0, 8.0, 21.0, 46.0, 38.0, 7.0, 37.0, 9.0, 33.0, 15.0, 37.0, 29.0, 44.0, 101.0, 49.0, 27.0, 27.0, 30.0, 17.0, 64.0, 56.0, 17.0, 27.0, 44.0, 78.0, 22.0, 103.0, 88.0, 22.0, 65.0, 27.0, 28.0, 79.0], (-1, 4): [52.0, 50.0, 39.0, 28.0, 27.0, 32.0, 29.0, 28.0, 27.0, 22.0, 41.0, 39.0, 37.0, 35.0, 9.0, 40.0, 35.0, 34.0, 32.0, 16.0, 40.0, 39.0, 39.0, 37.0, 21.0, 40.0, 38.0, 36.0, 36.0, 26.0, 34.0, 30.0, 30.0, 28.0, 21.0, 44.0, 44.0, 44.0, 40.0, 22.0, 28.0, 27.0, 27.0, 27.0, 25.0, 22.0, 19.0, 20.0, 20.0, 15.0, 18.0, 18.0, 17.0, 82.0, 76.0, 37.0, 35.0, 33.0, 60.0, 60.0, 34.0, 88.0, 86.0, 85.0, 83.0, 69.0, 59.0, 61.0, 58.0, 54.0, 25.0, 44.0, 42.0, 39.0, 40.0, 27.0, 54.0, 54.0, 32.0, 96.0, 89.0, 72.0, 69.0, 69.0, 101.0, 63.0, 52.0, 39.0, 38.0, 118.0, 109.0, 79.0, 74.0, 84.0, 75.0, 75.0, 65.0, 67.0, 129.0, 103.0, 69.0, 58.0, 72.0, 73.0, 121.0, 81.0, 80.0, 107.0, 108.0, 106.0, 108.0, 110.0, 117.0, 120.0, 124.0, 75.0, 53.0, 50.0, 51.0, 131.0, 91.0, 87.0, 153.0, 119.0, 105.0, 75.0, 72.0, 111.0, 78.0, 79.0, 78.0, 155.0, 135.0, 124.0, 125.0, 135.0, 124.0, 110.0, 112.0, 93.0, 82.0, 58.0, 163.0, 155.0, 155.0, 159.0, 162.0, 123.0, 125.0, 126.0, 59.0, 137.0, 133.0, 126.0, 128.0, 83.0, 55.0, 48.0, 169.0, 170.0, 165.0, 157.0, 133.0, 213.0, 216.0, 169.0, 126.0, 184.0, 182.0, 168.0, 132.0, 117.0, 187.0, 120.0, 101.0, 180.0, 182.0, 145.0, 117.0, 118.0, 120.0, 99.0, 96.0, 175.0, 175.0, 103.0, 99.0, 236.0, 191.0, 175.0, 223.0, 219.0, 118.0, 119.0, 192.0, 75.0, 144.0, 147.0, 145.0, 142.0, 146.0, 234.0, 118.0, 122.0, 125.0, 99.0, 209.0, 154.0, 156.0, 201.0, 204.0, 172.0, 153.0, 150.0, 136.0, 114.0, 88.0, 93.0, 143.0, 149.0, 68.0], (0, -1): [10.0, 7.0, 3.0, 7.0, 4.0, 4.0, 11.0, 3.0, 8.0, 13.0, 20.0, 31.0, 7.0, 21.0, 14.0, 21.0, 22.0, 31.0, 52.0, 25.0, 2.0, 33.0, 20.0, 15.0, 33.0, 26.0, 22.0, 4.0, 73.0, 32.0, 16.0, 21.0, 21.0, 14.0, 7.0, 44.0, 75.0, 38.0, 14.0, 36.0, 66.0, 44.0, 103.0, 120.0, 103.0, 108.0], (1, -1): [8.0, 16.0, 12.0, 5.0, 8.0, 8.0, 8.0, 14.0, 15.0, 17.0, 19.0, 12.0, 16.0, 19.0, 18.0, 32.0, 36.0, 22.0, 58.0, 55.0, 53.0, 44.0, 22.0, 11.0, 24.0, 7.0, 77.0, 50.0, 76.0, 58.0, 49.0, 44.0, 56.0, 58.0, 70.0, 34.0, 7.0, 61.0, 87.0, 94.0, 123.0, 38.0], (4, -1): [4.0, 10.0, 12.0, 16.0, 10.0, 14.0, 12.0, 13.0, 16.0, 22.0, 23.0, 16.0, 29.0, 11.0, 32.0, 27.0, 23.0, 31.0, 25.0, 8.0, 46.0, 50.0, 21.0, 47.0, 26.0, 44.0, 25.0, 9.0, 4.0, 35.0, 11.0, 56.0, 49.0, 31.0, 72.0, 81.0, 38.0, 30.0, 92.0, 56.0, 14.0, 35.0, 51.0, 27.0, 15.0]}
	pre-experiment: 0
	post-clients-create: 4142568
	post-clients-init: 7211280
	post-experiment: 14520112
	post-experiment: 12645112

